2022-06-20 11:55:06.056086: 
GridEnvironment Log:
EnvString:
####################
#g#ggg#ggg#ggg#g##g#
#gg##gg#g#g##g#gggg#
##ggg#ggg#gggggg#g##
#g##gg##ggg#g#g#g###
#g#g#g##g##gg###gg##
#ggggggggg##g#ggg#g#
####g#g##gg##g#g#gg#
#gggg####g#g#ggggg##
####g#ggggggg###g#g#
#ggg#gg#g#g#ggggggg#
###ggg#gg##gg####g##
#ggg#g##g#gg##gg#g##
#g#g##ggg##gggg##gg#
#g##ggg#g##g###ggg##
##ggg#g#ggg#ggg##gg#
##g#g###g#ggg##ggg##
#g#g#gggg##g#ggg#g##
#ggggg##ggg###g#ggg#
####################
Goal:
(3, 17)
StartPosition:
(8, 9)
Facing:
(-1, 0)
Name:
lab8
AgentType:
directedTremaux

2022-06-20 11:55:06.058636: Condition starting
2022-06-20 11:55:06.074057: NORTH
2022-06-20 11:55:06.089328: NORTH
2022-06-20 11:55:06.104449: TURN LEFT
2022-06-20 11:55:06.119785: WEST
2022-06-20 11:55:06.134983: TURN RIGHT
2022-06-20 11:55:06.150264: NORTH
2022-06-20 11:55:06.165803: NORTH
2022-06-20 11:55:06.181196: TURN RIGHT
2022-06-20 11:55:06.196484: EAST
2022-06-20 11:55:06.212024: EAST
2022-06-20 11:55:06.227284: TURN LEFT
2022-06-20 11:55:06.242812: NORTH
2022-06-20 11:55:06.258045: TURN RIGHT
2022-06-20 11:55:06.273559: EAST
2022-06-20 11:55:06.288947: EAST
2022-06-20 11:55:06.304370: EAST
2022-06-20 11:55:06.319927: EAST
2022-06-20 11:55:06.335339: EAST
2022-06-20 11:55:06.350761: TURN LEFT
2022-06-20 11:55:06.366429: NORTH
2022-06-20 11:55:06.381762: TURN RIGHT
2022-06-20 11:55:06.397141: EAST
2022-06-20 11:55:06.412411: EAST
2022-06-20 11:55:06.427979: EAST
2022-06-20 11:55:06.443198: TURN LEFT
2022-06-20 11:55:06.458577: NORTH
2022-06-20 11:55:06.474044: TURN LEFT
2022-06-20 11:55:06.489410: TURN LEFT
2022-06-20 11:55:06.505073: SOUTH
2022-06-20 11:55:06.520147: TURN RIGHT
2022-06-20 11:55:06.535698: WEST
2022-06-20 11:55:06.551258: TURN LEFT
2022-06-20 11:55:06.566819: SOUTH
2022-06-20 11:55:06.568099: Condition finished

Position:
[(8, 9), (7, 9), (6, 9), (6, 9), (6, 8), (6, 8), (5, 8), (4, 8), (4, 8), (4, 9), (4, 10), (4, 10), (3, 10), (3, 10), (3, 11), (3, 12), (3, 13), (3, 14), (3, 15), (3, 15), (2, 15), (2, 15), (2, 16), (2, 17), (2, 18), (2, 18), (1, 18), (1, 18), (1, 18), (2, 18), (2, 18), (2, 17), (2, 17), (3, 17)]
Time:
[0, 35277, 9026, 5114, 39381, 3730, 8425, 35001, 3727, 8385, 10668, 3616, 34025, 3641, 8836, 35819, 34374, 35717, 11185, 5269, 38033, 3661, 9428, 34677, 9230, 5157, 8593, 3585, 3281, 8892, 3515, 53271, 3643, 8685]
Load:
[1384, 1472, 1536, 1600, 1600, 1488, 1760, 1760, 1648, 1792, 1792, 1888, 1888, 1776, 1992, 2088, 2216, 2336, 2400, 2464, 2464, 2352, 2568, 2656, 2720, 2720, 2720, 2720, 2688, 2688, 2784, 2784, 2784]
Length:
[0, 1, 2, 2, 3, 3, 4, 5, 5, 6, 7, 7, 8, 8, 9, 10, 11, 12, 13, 13, 14, 14, 15, 16, 17, 17, 18, 18, 18, 19, 19, 20, 20, 21]
Action:
[0.0, 1.0, 2.0, 2.6, 3.6, 4.2, 5.2, 6.2, 6.8, 7.8, 8.8, 9.4, 10.4, 11.0, 12.0, 13.0, 14.0, 15.0, 16.0, 16.6, 17.6, 18.200000000000003, 19.200000000000003, 20.200000000000003, 21.200000000000003, 21.800000000000004, 22.800000000000004, 23.400000000000006, 24.000000000000007, 25.000000000000007, 25.60000000000001, 26.60000000000001, 27.20000000000001, 28.20000000000001]
