2022-06-20 12:24:43.845519: 
GridEnvironment Log:
EnvString:
####################
##ggg#gggg#ggg#g#gg#
#g#g#g###gg##g#gg#g#
#ggggg#gg#g#ggg#g#g#
####g#gg#gg###ggg#g#
##gggg#g##gggg#g#gg#
#gg##ggg#g#g##ggg#g#
#g#gg##g#gggg#g#g#g#
#g#g#gggg###gggg#gg#
##gggg##g######g##g#
#g###g##g#ggggggggg#
#g#gg#ggg###g#g#g#g#
#g##ggg#ggggg#gg#gg#
#g#g####g###gg#g##g#
#gggggggg###g##ggg##
##g#g####gggg##g#gg#
#gg#g#ggg#g#ggg#gg##
##g#g#g##g#gg##g##g#
###gggggggg#ggggggg#
####################
Goal:
(10, 15)
StartPosition:
(14, 5)
Facing:
(-1, 0)
Name:
lab9
AgentType:
directedTremaux

2022-06-20 12:24:43.848082: Condition starting
2022-06-20 12:24:43.862936: TURN LEFT
2022-06-20 12:24:43.878133: WEST
2022-06-20 12:24:43.893483: WEST
2022-06-20 12:24:43.908537: TURN RIGHT
2022-06-20 12:24:43.923833: NORTH
2022-06-20 12:24:43.938815: TURN LEFT
2022-06-20 12:24:43.953913: TURN LEFT
2022-06-20 12:24:43.969214: SOUTH
2022-06-20 12:24:43.984282: TURN RIGHT
2022-06-20 12:24:43.999657: WEST
2022-06-20 12:24:44.014835: WEST
2022-06-20 12:24:44.029971: TURN RIGHT
2022-06-20 12:24:44.045135: NORTH
2022-06-20 12:24:44.060233: NORTH
2022-06-20 12:24:44.075483: NORTH
2022-06-20 12:24:44.090725: NORTH
2022-06-20 12:24:44.105852: TURN LEFT
2022-06-20 12:24:44.120964: TURN LEFT
2022-06-20 12:24:44.135994: SOUTH
2022-06-20 12:24:44.151270: SOUTH
2022-06-20 12:24:44.166589: SOUTH
2022-06-20 12:24:44.182002: SOUTH
2022-06-20 12:24:44.197083: TURN LEFT
2022-06-20 12:24:44.212210: EAST
2022-06-20 12:24:44.227358: TURN RIGHT
2022-06-20 12:24:44.242622: SOUTH
2022-06-20 12:24:44.258035: SOUTH
2022-06-20 12:24:44.273393: SOUTH
2022-06-20 12:24:44.288609: TURN LEFT
2022-06-20 12:24:44.303910: TURN LEFT
2022-06-20 12:24:44.319210: NORTH
2022-06-20 12:24:44.334324: TURN LEFT
2022-06-20 12:24:44.349715: WEST
2022-06-20 12:24:44.364873: TURN LEFT
2022-06-20 12:24:44.379954: TURN LEFT
2022-06-20 12:24:44.395432: EAST
2022-06-20 12:24:44.410654: TURN LEFT
2022-06-20 12:24:44.426032: NORTH
2022-06-20 12:24:44.441525: NORTH
2022-06-20 12:24:44.456740: TURN RIGHT
2022-06-20 12:24:44.472100: EAST
2022-06-20 12:24:44.487579: EAST
2022-06-20 12:24:44.502908: TURN RIGHT
2022-06-20 12:24:44.518360: SOUTH
2022-06-20 12:24:44.533849: SOUTH
2022-06-20 12:24:44.549270: SOUTH
2022-06-20 12:24:44.564879: SOUTH
2022-06-20 12:24:44.579978: TURN LEFT
2022-06-20 12:24:44.595473: EAST
2022-06-20 12:24:44.610914: EAST
2022-06-20 12:24:44.626516: EAST
2022-06-20 12:24:44.642097: EAST
2022-06-20 12:24:44.657720: EAST
2022-06-20 12:24:44.673172: TURN LEFT
2022-06-20 12:24:44.688720: NORTH
2022-06-20 12:24:44.704001: TURN LEFT
2022-06-20 12:24:44.719349: TURN LEFT
2022-06-20 12:24:44.735012: SOUTH
2022-06-20 12:24:44.750355: TURN LEFT
2022-06-20 12:24:44.765963: EAST
2022-06-20 12:24:44.781247: TURN LEFT
2022-06-20 12:24:44.796733: TURN LEFT
2022-06-20 12:24:44.812435: WEST
2022-06-20 12:24:44.828034: WEST
2022-06-20 12:24:44.843734: WEST
2022-06-20 12:24:44.859429: WEST
2022-06-20 12:24:44.874814: TURN RIGHT
2022-06-20 12:24:44.890540: NORTH
2022-06-20 12:24:44.906157: NORTH
2022-06-20 12:24:44.921815: TURN RIGHT
2022-06-20 12:24:44.937766: EAST
2022-06-20 12:24:44.953439: EAST
2022-06-20 12:24:44.968870: TURN LEFT
2022-06-20 12:24:44.984203: TURN LEFT
2022-06-20 12:24:44.999946: WEST
2022-06-20 12:24:45.015682: WEST
2022-06-20 12:24:45.031374: TURN LEFT
2022-06-20 12:24:45.047056: SOUTH
2022-06-20 12:24:45.062656: SOUTH
2022-06-20 12:24:45.078166: TURN RIGHT
2022-06-20 12:24:45.093916: WEST
2022-06-20 12:24:45.109845: WEST
2022-06-20 12:24:45.125510: WEST
2022-06-20 12:24:45.141199: TURN LEFT
2022-06-20 12:24:45.156849: TURN LEFT
2022-06-20 12:24:45.172532: EAST
2022-06-20 12:24:45.188166: TURN LEFT
2022-06-20 12:24:45.203898: NORTH
2022-06-20 12:24:45.219699: NORTH
2022-06-20 12:24:45.235559: NORTH
2022-06-20 12:24:45.251382: NORTH
2022-06-20 12:24:45.266982: TURN RIGHT
2022-06-20 12:24:45.282831: EAST
2022-06-20 12:24:45.298686: EAST
2022-06-20 12:24:45.314563: EAST
2022-06-20 12:24:45.330413: EAST
2022-06-20 12:24:45.346162: TURN LEFT
2022-06-20 12:24:45.362007: NORTH
2022-06-20 12:24:45.378025: NORTH
2022-06-20 12:24:45.393736: TURN RIGHT
2022-06-20 12:24:45.409730: EAST
2022-06-20 12:24:45.425882: EAST
2022-06-20 12:24:45.441824: EAST
2022-06-20 12:24:45.457962: EAST
2022-06-20 12:24:45.473532: TURN LEFT
2022-06-20 12:24:45.489495: NORTH
2022-06-20 12:24:45.505502: NORTH
2022-06-20 12:24:45.521214: TURN RIGHT
2022-06-20 12:24:45.537233: EAST
2022-06-20 12:24:45.553284: EAST
2022-06-20 12:24:45.569371: EAST
2022-06-20 12:24:45.570645: Condition finished

Position:
[(14, 5), (14, 5), (14, 4), (14, 3), (14, 3), (13, 3), (13, 3), (13, 3), (14, 3), (14, 3), (14, 2), (14, 1), (14, 1), (13, 1), (12, 1), (11, 1), (10, 1), (10, 1), (10, 1), (11, 1), (12, 1), (13, 1), (14, 1), (14, 1), (14, 2), (14, 2), (15, 2), (16, 2), (17, 2), (17, 2), (17, 2), (16, 2), (16, 2), (16, 1), (16, 1), (16, 1), (16, 2), (16, 2), (15, 2), (14, 2), (14, 2), (14, 3), (14, 4), (14, 4), (15, 4), (16, 4), (17, 4), (18, 4), (18, 4), (18, 5), (18, 6), (18, 7), (18, 8), (18, 9), (18, 9), (17, 9), (17, 9), (17, 9), (18, 9), (18, 9), (18, 10), (18, 10), (18, 10), (18, 9), (18, 8), (18, 7), (18, 6), (18, 6), (17, 6), (16, 6), (16, 6), (16, 7), (16, 8), (16, 8), (16, 8), (16, 7), (16, 6), (16, 6), (17, 6), (18, 6), (18, 6), (18, 5), (18, 4), (18, 3), (18, 3), (18, 3), (18, 4), (18, 4), (17, 4), (16, 4), (15, 4), (14, 4), (14, 4), (14, 5), (14, 6), (14, 7), (14, 8), (14, 8), (13, 8), (12, 8), (12, 8), (12, 9), (12, 10), (12, 11), (12, 12), (12, 12), (11, 12), (10, 12), (10, 12), (10, 13), (10, 14), (10, 15)]
Time:
[0, 3473, 34769, 34575, 5379, 8536, 5122, 3326, 46484, 3550, 51975, 10834, 5450, 8704, 9030, 8264, 8282, 3548, 3250, 8449, 8350, 8338, 8734, 3681, 49586, 3568, 8315, 35134, 9694, 5279, 3488, 49649, 3555, 8763, 5447, 3580, 45900, 3630, 8335, 47398, 3558, 49598, 52056, 5280, 8297, 10128, 8209, 35786, 3570, 8513, 35457, 8641, 10205, 37698, 3703, 8374, 5091, 3246, 46616, 3590, 8607, 5226, 3311, 55226, 8902, 10169, 51398, 3605, 8245, 10132, 3584, 8689, 8625, 3679, 3330, 9036, 8870, 3472, 8410, 44442, 3569, 8411, 53852, 9580, 5419, 3317, 51431, 3638, 8281, 10778, 9095, 53778, 3618, 8553, 10098, 8454, 8715, 3587, 8749, 37380, 3586, 8245, 12956, 8190, 30886, 3607, 8262, 33131, 3627, 8380, 36572, 34099]
Load:
[832, 1384, 1536, 1600, 1600, 1664, 1664, 1760, 1760, 1768, 1888, 1952, 1808, 1808, 1808, 1952, 1952, 1952, 1808, 1808, 1808, 1920, 1920, 2080, 2080, 1968, 2120, 2208, 2272, 2272, 2336, 2336, 2336, 2400, 2400, 2464, 2464, 2352, 2656, 2656, 2664, 2848, 2912, 2800, 2832, 2832, 3040, 3040, 2928, 3144, 3088, 3152, 3360, 3360, 3360, 3424, 3424, 3488, 3488, 3488, 3552, 3552, 3528, 3472, 3536, 3808, 3808, 3696, 3840, 3840, 3728, 3872, 3872, 3872, 3728, 3840, 3840, 3728, 3936, 3936, 3824, 3976, 4064, 4128, 4128, 4192, 4192, 4080, 4112, 4112, 4416, 4416, 4304, 4336, 4336, 4448, 4448, 4336, 4544, 4544, 4432, 4464, 4464, 4672, 4672, 4560, 4800, 4800, 4688, 4840, 4936]
Length:
[0, 0, 1, 2, 2, 3, 3, 3, 4, 4, 5, 6, 6, 7, 8, 9, 10, 10, 10, 11, 12, 13, 14, 14, 15, 15, 16, 17, 18, 18, 18, 19, 19, 20, 20, 20, 21, 21, 22, 23, 23, 24, 25, 25, 26, 27, 28, 29, 29, 30, 31, 32, 33, 34, 34, 35, 35, 35, 36, 36, 37, 37, 37, 38, 39, 40, 41, 41, 42, 43, 43, 44, 45, 45, 45, 46, 47, 47, 48, 49, 49, 50, 51, 52, 52, 52, 53, 53, 54, 55, 56, 57, 57, 58, 59, 60, 61, 61, 62, 63, 63, 64, 65, 66, 67, 67, 68, 69, 69, 70, 71, 72]
Action:
[0.0, 0.6, 1.6, 2.6, 3.2, 4.2, 4.8, 5.3999999999999995, 6.3999999999999995, 6.999999999999999, 7.999999999999999, 9.0, 9.6, 10.6, 11.6, 12.6, 13.6, 14.2, 14.799999999999999, 15.799999999999999, 16.799999999999997, 17.799999999999997, 18.799999999999997, 19.4, 20.4, 21.0, 22.0, 23.0, 24.0, 24.6, 25.200000000000003, 26.200000000000003, 26.800000000000004, 27.800000000000004, 28.400000000000006, 29.000000000000007, 30.000000000000007, 30.60000000000001, 31.60000000000001, 32.60000000000001, 33.20000000000001, 34.20000000000001, 35.20000000000001, 35.80000000000001, 36.80000000000001, 37.80000000000001, 38.80000000000001, 39.80000000000001, 40.40000000000001, 41.40000000000001, 42.40000000000001, 43.40000000000001, 44.40000000000001, 45.40000000000001, 46.000000000000014, 47.000000000000014, 47.600000000000016, 48.20000000000002, 49.20000000000002, 49.80000000000002, 50.80000000000002, 51.40000000000002, 52.00000000000002, 53.00000000000002, 54.00000000000002, 55.00000000000002, 56.00000000000002, 56.60000000000002, 57.60000000000002, 58.60000000000002, 59.200000000000024, 60.200000000000024, 61.200000000000024, 61.800000000000026, 62.40000000000003, 63.40000000000003, 64.40000000000003, 65.00000000000003, 66.00000000000003, 67.00000000000003, 67.60000000000002, 68.60000000000002, 69.60000000000002, 70.60000000000002, 71.20000000000002, 71.80000000000001, 72.80000000000001, 73.4, 74.4, 75.4, 76.4, 77.4, 78.0, 79.0, 80.0, 81.0, 82.0, 82.6, 83.6, 84.6, 85.19999999999999, 86.19999999999999, 87.19999999999999, 88.19999999999999, 89.19999999999999, 89.79999999999998, 90.79999999999998, 91.79999999999998, 92.39999999999998, 93.39999999999998, 94.39999999999998, 95.39999999999998]
