2022-06-20 12:24:37.522852: 
GridEnvironment Log:
EnvString:
####################
##ggg#gggg#ggg#g#gg#
#g#g#g###gg##g#gg#g#
#ggggg#gg#g#ggg#g#g#
####g#gg#gg###ggg#g#
##gggg#g##gggg#g#gg#
#gg##ggg#g#g##ggg#g#
#g#gg##g#gggg#g#g#g#
#g#g#gggg###gggg#gg#
##gggg##g######g##g#
#g###g##g#ggggggggg#
#g#gg#ggg###g#g#g#g#
#g##ggg#ggggg#gg#gg#
#g#g####g###gg#g##g#
#gggggggg###g##ggg##
##g#g####gggg##g#gg#
#gg#g#ggg#g#ggg#gg##
##g#g#g##g#gg##g##g#
###gggggggg#ggggggg#
####################
Goal:
(10, 15)
StartPosition:
(14, 5)
Facing:
(-1, 0)
Name:
lab9
AgentType:
directedTremaux

2022-06-20 12:24:37.525071: Condition starting
2022-06-20 12:24:37.539815: TURN LEFT
2022-06-20 12:24:37.554882: WEST
2022-06-20 12:24:37.569939: TURN LEFT
2022-06-20 12:24:37.584879: SOUTH
2022-06-20 12:24:37.599841: SOUTH
2022-06-20 12:24:37.614872: SOUTH
2022-06-20 12:24:37.629979: SOUTH
2022-06-20 12:24:37.644859: TURN LEFT
2022-06-20 12:24:37.659869: EAST
2022-06-20 12:24:37.675073: EAST
2022-06-20 12:24:37.690034: EAST
2022-06-20 12:24:37.705068: EAST
2022-06-20 12:24:37.720223: EAST
2022-06-20 12:24:37.735162: TURN LEFT
2022-06-20 12:24:37.750266: NORTH
2022-06-20 12:24:37.765282: TURN LEFT
2022-06-20 12:24:37.780465: TURN LEFT
2022-06-20 12:24:37.795644: SOUTH
2022-06-20 12:24:37.810650: TURN LEFT
2022-06-20 12:24:37.825755: EAST
2022-06-20 12:24:37.840732: TURN LEFT
2022-06-20 12:24:37.855652: TURN LEFT
2022-06-20 12:24:37.870832: WEST
2022-06-20 12:24:37.886061: WEST
2022-06-20 12:24:37.901185: WEST
2022-06-20 12:24:37.916608: WEST
2022-06-20 12:24:37.931741: TURN RIGHT
2022-06-20 12:24:37.946885: NORTH
2022-06-20 12:24:37.962113: NORTH
2022-06-20 12:24:37.977191: TURN RIGHT
2022-06-20 12:24:37.992587: EAST
2022-06-20 12:24:38.007678: EAST
2022-06-20 12:24:38.022762: TURN LEFT
2022-06-20 12:24:38.037861: TURN LEFT
2022-06-20 12:24:38.052986: WEST
2022-06-20 12:24:38.068190: WEST
2022-06-20 12:24:38.083433: TURN LEFT
2022-06-20 12:24:38.098596: SOUTH
2022-06-20 12:24:38.113966: SOUTH
2022-06-20 12:24:38.128986: TURN RIGHT
2022-06-20 12:24:38.144237: WEST
2022-06-20 12:24:38.159621: WEST
2022-06-20 12:24:38.174784: WEST
2022-06-20 12:24:38.189880: TURN LEFT
2022-06-20 12:24:38.205007: TURN LEFT
2022-06-20 12:24:38.220398: EAST
2022-06-20 12:24:38.235578: TURN LEFT
2022-06-20 12:24:38.250798: NORTH
2022-06-20 12:24:38.266132: NORTH
2022-06-20 12:24:38.281566: NORTH
2022-06-20 12:24:38.297104: NORTH
2022-06-20 12:24:38.312312: TURN LEFT
2022-06-20 12:24:38.327631: WEST
2022-06-20 12:24:38.342743: TURN RIGHT
2022-06-20 12:24:38.358092: NORTH
2022-06-20 12:24:38.373254: TURN LEFT
2022-06-20 12:24:38.388646: TURN LEFT
2022-06-20 12:24:38.404047: SOUTH
2022-06-20 12:24:38.419148: TURN RIGHT
2022-06-20 12:24:38.434531: WEST
2022-06-20 12:24:38.449893: WEST
2022-06-20 12:24:38.465286: TURN RIGHT
2022-06-20 12:24:38.480950: NORTH
2022-06-20 12:24:38.496450: NORTH
2022-06-20 12:24:38.511889: NORTH
2022-06-20 12:24:38.527288: NORTH
2022-06-20 12:24:38.542602: TURN LEFT
2022-06-20 12:24:38.557782: TURN LEFT
2022-06-20 12:24:38.573264: SOUTH
2022-06-20 12:24:38.588992: SOUTH
2022-06-20 12:24:38.604359: SOUTH
2022-06-20 12:24:38.619839: SOUTH
2022-06-20 12:24:38.635052: TURN LEFT
2022-06-20 12:24:38.650512: EAST
2022-06-20 12:24:38.665713: TURN RIGHT
2022-06-20 12:24:38.681271: SOUTH
2022-06-20 12:24:38.697080: SOUTH
2022-06-20 12:24:38.712724: TURN RIGHT
2022-06-20 12:24:38.734592: WEST
2022-06-20 12:24:38.754256: TURN LEFT
2022-06-20 12:24:38.770824: TURN LEFT
2022-06-20 12:24:38.786741: EAST
2022-06-20 12:24:38.802258: TURN RIGHT
2022-06-20 12:24:38.817806: SOUTH
2022-06-20 12:24:38.833247: TURN LEFT
2022-06-20 12:24:38.848828: TURN LEFT
2022-06-20 12:24:38.864463: NORTH
2022-06-20 12:24:38.880087: NORTH
2022-06-20 12:24:38.895857: NORTH
2022-06-20 12:24:38.911273: TURN RIGHT
2022-06-20 12:24:38.926887: EAST
2022-06-20 12:24:38.942643: EAST
2022-06-20 12:24:38.958241: EAST
2022-06-20 12:24:38.974022: EAST
2022-06-20 12:24:38.989766: EAST
2022-06-20 12:24:39.005524: EAST
2022-06-20 12:24:39.021355: TURN LEFT
2022-06-20 12:24:39.037098: NORTH
2022-06-20 12:24:39.052835: NORTH
2022-06-20 12:24:39.068373: TURN RIGHT
2022-06-20 12:24:39.084065: EAST
2022-06-20 12:24:39.099874: EAST
2022-06-20 12:24:39.115643: EAST
2022-06-20 12:24:39.131423: EAST
2022-06-20 12:24:39.146937: TURN LEFT
2022-06-20 12:24:39.162621: NORTH
2022-06-20 12:24:39.178396: NORTH
2022-06-20 12:24:39.194026: TURN RIGHT
2022-06-20 12:24:39.209811: EAST
2022-06-20 12:24:39.225807: EAST
2022-06-20 12:24:39.241673: EAST
2022-06-20 12:24:39.242779: Condition finished

Position:
[(14, 5), (14, 5), (14, 4), (14, 4), (15, 4), (16, 4), (17, 4), (18, 4), (18, 4), (18, 5), (18, 6), (18, 7), (18, 8), (18, 9), (18, 9), (17, 9), (17, 9), (17, 9), (18, 9), (18, 9), (18, 10), (18, 10), (18, 10), (18, 9), (18, 8), (18, 7), (18, 6), (18, 6), (17, 6), (16, 6), (16, 6), (16, 7), (16, 8), (16, 8), (16, 8), (16, 7), (16, 6), (16, 6), (17, 6), (18, 6), (18, 6), (18, 5), (18, 4), (18, 3), (18, 3), (18, 3), (18, 4), (18, 4), (17, 4), (16, 4), (15, 4), (14, 4), (14, 4), (14, 3), (14, 3), (13, 3), (13, 3), (13, 3), (14, 3), (14, 3), (14, 2), (14, 1), (14, 1), (13, 1), (12, 1), (11, 1), (10, 1), (10, 1), (10, 1), (11, 1), (12, 1), (13, 1), (14, 1), (14, 1), (14, 2), (14, 2), (15, 2), (16, 2), (16, 2), (16, 1), (16, 1), (16, 1), (16, 2), (16, 2), (17, 2), (17, 2), (17, 2), (16, 2), (15, 2), (14, 2), (14, 2), (14, 3), (14, 4), (14, 5), (14, 6), (14, 7), (14, 8), (14, 8), (13, 8), (12, 8), (12, 8), (12, 9), (12, 10), (12, 11), (12, 12), (12, 12), (11, 12), (10, 12), (10, 12), (10, 13), (10, 14), (10, 15)]
Time:
[0, 3736, 34997, 3719, 8459, 10117, 8232, 30092, 3667, 8561, 34995, 8688, 10254, 32361, 3704, 8561, 5110, 3283, 50378, 3646, 9550, 5261, 3416, 50479, 9699, 11128, 50224, 3707, 8298, 10401, 3590, 8507, 8556, 3546, 3236, 8798, 8518, 3631, 8618, 46453, 3608, 9310, 53589, 9060, 5367, 3301, 49215, 3678, 8327, 10129, 8476, 52751, 3622, 33854, 5432, 8554, 5091, 3309, 53386, 3658, 34156, 10891, 5487, 8592, 8302, 8083, 8396, 3686, 3319, 9368, 8732, 9183, 8913, 3614, 50770, 3715, 8445, 35967, 3683, 9343, 23073, 4394, 81126, 4066, 10476, 5545, 3332, 60380, 19001, 53443, 3593, 51186, 52772, 10562, 10144, 8535, 9808, 3557, 8300, 38592, 3641, 8452, 10394, 9273, 31709, 3661, 8339, 32382, 3642, 8457, 38851, 34065]
Load:
[832, 1472, 1472, 1360, 1392, 1392, 1600, 1600, 1488, 1672, 1616, 1680, 1888, 1888, 1888, 1952, 1952, 2080, 2080, 2080, 2144, 2144, 2120, 2064, 2128, 2336, 2336, 2224, 2368, 2368, 2256, 2400, 2400, 2400, 2256, 2368, 2368, 2256, 2464, 2464, 2352, 2568, 2656, 2720, 2720, 2784, 2784, 2672, 2704, 2704, 2912, 2912, 2976, 3040, 3040, 3104, 3104, 3232, 3232, 3240, 3360, 3424, 3280, 3280, 3280, 3424, 3424, 3424, 3280, 3280, 3280, 3392, 3392, 3488, 3488, 3376, 3616, 3616, 3616, 3680, 3680, 3808, 3808, 3808, 3872, 3872, 3848, 3792, 4064, 4064, 4072, 4200, 4304, 4336, 4336, 4448, 4448, 4336, 4544, 4544, 4432, 4464, 4464, 4672, 4672, 4560, 4800, 4800, 4688, 4840, 4936]
Length:
[0, 0, 1, 1, 2, 3, 4, 5, 5, 6, 7, 8, 9, 10, 10, 11, 11, 11, 12, 12, 13, 13, 13, 14, 15, 16, 17, 17, 18, 19, 19, 20, 21, 21, 21, 22, 23, 23, 24, 25, 25, 26, 27, 28, 28, 28, 29, 29, 30, 31, 32, 33, 33, 34, 34, 35, 35, 35, 36, 36, 37, 38, 38, 39, 40, 41, 42, 42, 42, 43, 44, 45, 46, 46, 47, 47, 48, 49, 49, 50, 50, 50, 51, 51, 52, 52, 52, 53, 54, 55, 55, 56, 57, 58, 59, 60, 61, 61, 62, 63, 63, 64, 65, 66, 67, 67, 68, 69, 69, 70, 71, 72]
Action:
[0.0, 0.6, 1.6, 2.2, 3.2, 4.2, 5.2, 6.2, 6.8, 7.8, 8.8, 9.8, 10.8, 11.8, 12.4, 13.4, 14.0, 14.6, 15.6, 16.2, 17.2, 17.8, 18.400000000000002, 19.400000000000002, 20.400000000000002, 21.400000000000002, 22.400000000000002, 23.000000000000004, 24.000000000000004, 25.000000000000004, 25.600000000000005, 26.600000000000005, 27.600000000000005, 28.200000000000006, 28.800000000000008, 29.800000000000008, 30.800000000000008, 31.40000000000001, 32.400000000000006, 33.400000000000006, 34.00000000000001, 35.00000000000001, 36.00000000000001, 37.00000000000001, 37.60000000000001, 38.20000000000001, 39.20000000000001, 39.80000000000001, 40.80000000000001, 41.80000000000001, 42.80000000000001, 43.80000000000001, 44.40000000000001, 45.40000000000001, 46.000000000000014, 47.000000000000014, 47.600000000000016, 48.20000000000002, 49.20000000000002, 49.80000000000002, 50.80000000000002, 51.80000000000002, 52.40000000000002, 53.40000000000002, 54.40000000000002, 55.40000000000002, 56.40000000000002, 57.00000000000002, 57.60000000000002, 58.60000000000002, 59.60000000000002, 60.60000000000002, 61.60000000000002, 62.200000000000024, 63.200000000000024, 63.800000000000026, 64.80000000000003, 65.80000000000003, 66.40000000000002, 67.40000000000002, 68.00000000000001, 68.60000000000001, 69.60000000000001, 70.2, 71.2, 71.8, 72.39999999999999, 73.39999999999999, 74.39999999999999, 75.39999999999999, 75.99999999999999, 76.99999999999999, 77.99999999999999, 78.99999999999999, 79.99999999999999, 80.99999999999999, 81.99999999999999, 82.59999999999998, 83.59999999999998, 84.59999999999998, 85.19999999999997, 86.19999999999997, 87.19999999999997, 88.19999999999997, 89.19999999999997, 89.79999999999997, 90.79999999999997, 91.79999999999997, 92.39999999999996, 93.39999999999996, 94.39999999999996, 95.39999999999996]
