2022-06-20 11:29:34.837726: 
GridEnvironment Log:
EnvString:
####################
#gggggggg#g#gg#g####
########ggg##g#gg###
#gggggggg#gg#g#g#g##
###g##g#gg#gggggggg#
#ggg###gg###g#g#g#g#
#g#g##g#gg#ggg##gg##
#g##ggggg##g##gg#gg#
#ggg#g##g##g##g##g##
###gg#gggg#g#gggg#g#
#g###gg###gggg##ggg#
#ggggg#ggg####ggg###
#g####gg#gggggg#ggg#
#g#gg##g####g##gg#g#
#gg#g##gggg##ggg#gg#
#g##gggg###ggg#gg###
##gg#g#g#g#g##g#ggg#
###ggg#g#ggg##ggg#g#
####g#ggg##ggg##gg##
####################
Goal:
(16, 2)
StartPosition:
(12, 11)
Facing:
(-1, 0)
Name:
lab6
AgentType:
tremaux

2022-06-20 11:29:34.840294: Condition starting
2022-06-20 11:29:34.855516: TURN LEFT
2022-06-20 11:29:34.870956: WEST
2022-06-20 11:29:34.886129: WEST
2022-06-20 11:29:34.901425: TURN RIGHT
2022-06-20 11:29:34.916916: NORTH
2022-06-20 11:29:34.932117: TURN LEFT
2022-06-20 11:29:34.947619: WEST
2022-06-20 11:29:34.963009: WEST
2022-06-20 11:29:34.978333: TURN LEFT
2022-06-20 11:29:34.993808: SOUTH
2022-06-20 11:29:35.009177: TURN RIGHT
2022-06-20 11:29:35.024518: WEST
2022-06-20 11:29:35.039817: TURN LEFT
2022-06-20 11:29:35.055237: TURN LEFT
2022-06-20 11:29:35.070885: EAST
2022-06-20 11:29:35.086065: TURN RIGHT
2022-06-20 11:29:35.101646: SOUTH
2022-06-20 11:29:35.117131: SOUTH
2022-06-20 11:29:35.132341: TURN LEFT
2022-06-20 11:29:35.147912: EAST
2022-06-20 11:29:35.163530: EAST
2022-06-20 11:29:35.179162: EAST
2022-06-20 11:29:35.194535: TURN LEFT
2022-06-20 11:29:35.209999: TURN LEFT
2022-06-20 11:29:35.225508: WEST
2022-06-20 11:29:35.241080: WEST
2022-06-20 11:29:35.256417: WEST
2022-06-20 11:29:35.271835: TURN LEFT
2022-06-20 11:29:35.287400: SOUTH
2022-06-20 11:29:35.302715: TURN RIGHT
2022-06-20 11:29:35.318436: WEST
2022-06-20 11:29:35.334069: WEST
2022-06-20 11:29:35.349461: TURN LEFT
2022-06-20 11:29:35.365196: SOUTH
2022-06-20 11:29:35.380815: SOUTH
2022-06-20 11:29:35.396139: TURN RIGHT
2022-06-20 11:29:35.411797: WEST
2022-06-20 11:29:35.427311: TURN LEFT
2022-06-20 11:29:35.442888: SOUTH
2022-06-20 11:29:35.458417: TURN LEFT
2022-06-20 11:29:35.473917: TURN LEFT
2022-06-20 11:29:35.489655: NORTH
2022-06-20 11:29:35.505313: TURN LEFT
2022-06-20 11:29:35.521045: WEST
2022-06-20 11:29:35.536420: TURN RIGHT
2022-06-20 11:29:35.552168: NORTH
2022-06-20 11:29:35.567723: TURN LEFT
2022-06-20 11:29:35.583428: WEST
2022-06-20 11:29:35.584708: Condition finished

Position:
[(12, 11), (12, 11), (12, 10), (12, 9), (12, 9), (11, 9), (11, 9), (11, 8), (11, 7), (11, 7), (12, 7), (12, 7), (12, 6), (12, 6), (12, 6), (12, 7), (12, 7), (13, 7), (14, 7), (14, 7), (14, 8), (14, 9), (14, 10), (14, 10), (14, 10), (14, 9), (14, 8), (14, 7), (14, 7), (15, 7), (15, 7), (15, 6), (15, 5), (15, 5), (16, 5), (17, 5), (17, 5), (17, 4), (17, 4), (18, 4), (18, 4), (18, 4), (17, 4), (17, 4), (17, 3), (17, 3), (16, 3), (16, 3), (16, 2)]
Time:
[0, 3859, 10166, 7139, 3387, 8925, 3284, 9719, 9906, 3374, 34593, 3376, 9134, 5183, 3069, 44573, 3317, 8225, 31741, 3371, 8367, 10229, 8559, 3292, 3016, 8754, 8474, 45334, 3338, 30129, 5887, 9622, 32462, 3366, 8391, 10365, 3377, 34668, 3440, 7846, 5031, 3095, 43084, 3406, 8772, 5009, 9296, 3275, 10164]
Load:
[664, 1064, 1176, 1176, 1176, 1176, 1064, 1176, 1176, 1304, 1304, 1304, 1368, 1368, 1432, 1432, 1320, 1592, 1592, 1480, 1512, 1656, 1656, 1656, 1512, 1512, 1720, 1720, 1784, 1912, 1800, 2040, 2040, 1928, 2072, 2072, 2168, 2168, 2168, 2232, 2232, 2296, 2296, 2296, 2360, 2328, 2328, 2360]
Length:
[0, 0, 1, 2, 2, 3, 3, 4, 5, 5, 6, 6, 7, 7, 7, 8, 8, 9, 10, 10, 11, 12, 13, 13, 13, 14, 15, 16, 16, 17, 17, 18, 19, 19, 20, 21, 21, 22, 22, 23, 23, 23, 24, 24, 25, 25, 26, 26, 27]
Action:
[0.0, 0.6, 1.6, 2.6, 3.2, 4.2, 4.8, 5.8, 6.8, 7.3999999999999995, 8.399999999999999, 8.999999999999998, 9.999999999999998, 10.599999999999998, 11.199999999999998, 12.199999999999998, 12.799999999999997, 13.799999999999997, 14.799999999999997, 15.399999999999997, 16.4, 17.4, 18.4, 19.0, 19.6, 20.6, 21.6, 22.6, 23.200000000000003, 24.200000000000003, 24.800000000000004, 25.800000000000004, 26.800000000000004, 27.400000000000006, 28.400000000000006, 29.400000000000006, 30.000000000000007, 31.000000000000007, 31.60000000000001, 32.60000000000001, 33.20000000000001, 33.80000000000001, 34.80000000000001, 35.40000000000001, 36.40000000000001, 37.000000000000014, 38.000000000000014, 38.600000000000016, 39.600000000000016]
