2022-06-20 11:29:34.336857: 
GridEnvironment Log:
EnvString:
####################
#gggggggg#g#gg#g####
########ggg##g#gg###
#gggggggg#gg#g#g#g##
###g##g#gg#gggggggg#
#ggg###gg###g#g#g#g#
#g#g##g#gg#ggg##gg##
#g##ggggg##g##gg#gg#
#ggg#g##g##g##g##g##
###gg#gggg#g#gggg#g#
#g###gg###gggg##ggg#
#ggggg#ggg####ggg###
#g####gg#gggggg#ggg#
#g#gg##g####g##gg#g#
#gg#g##gggg##ggg#gg#
#g##gggg###ggg#gg###
##gg#g#g#g#g##g#ggg#
###ggg#g#ggg##ggg#g#
####g#ggg##ggg##gg##
####################
Goal:
(16, 2)
StartPosition:
(12, 11)
Facing:
(-1, 0)
Name:
lab6
AgentType:
tremaux

2022-06-20 11:29:34.339207: Condition starting
2022-06-20 11:29:34.354479: TURN LEFT
2022-06-20 11:29:34.369882: WEST
2022-06-20 11:29:34.385396: WEST
2022-06-20 11:29:34.400658: TURN RIGHT
2022-06-20 11:29:34.416073: NORTH
2022-06-20 11:29:34.431408: TURN LEFT
2022-06-20 11:29:34.446784: WEST
2022-06-20 11:29:34.462240: WEST
2022-06-20 11:29:34.477460: TURN LEFT
2022-06-20 11:29:34.492937: SOUTH
2022-06-20 11:29:34.508186: SOUTH
2022-06-20 11:29:34.523656: SOUTH
2022-06-20 11:29:34.539120: SOUTH
2022-06-20 11:29:34.554425: TURN RIGHT
2022-06-20 11:29:34.569876: WEST
2022-06-20 11:29:34.585433: WEST
2022-06-20 11:29:34.600813: TURN LEFT
2022-06-20 11:29:34.616103: SOUTH
2022-06-20 11:29:34.631761: SOUTH
2022-06-20 11:29:34.647050: TURN RIGHT
2022-06-20 11:29:34.662617: WEST
2022-06-20 11:29:34.678044: TURN LEFT
2022-06-20 11:29:34.693556: SOUTH
2022-06-20 11:29:34.708989: TURN LEFT
2022-06-20 11:29:34.724223: TURN LEFT
2022-06-20 11:29:34.739845: NORTH
2022-06-20 11:29:34.755301: TURN LEFT
2022-06-20 11:29:34.770772: WEST
2022-06-20 11:29:34.786150: TURN RIGHT
2022-06-20 11:29:34.801928: NORTH
2022-06-20 11:29:34.817491: TURN LEFT
2022-06-20 11:29:34.832802: WEST
2022-06-20 11:29:34.833872: Condition finished

Position:
[(12, 11), (12, 11), (12, 10), (12, 9), (12, 9), (11, 9), (11, 9), (11, 8), (11, 7), (11, 7), (12, 7), (13, 7), (14, 7), (15, 7), (15, 7), (15, 6), (15, 5), (15, 5), (16, 5), (17, 5), (17, 5), (17, 4), (17, 4), (18, 4), (18, 4), (18, 4), (17, 4), (17, 4), (17, 3), (17, 3), (16, 3), (16, 3), (16, 2)]
Time:
[0, 4204, 10777, 9977, 3314, 8735, 3371, 8437, 9000, 3442, 30234, 9322, 32167, 30239, 5191, 9364, 32145, 3293, 8105, 11267, 3318, 30664, 3448, 8275, 5083, 4454, 43270, 3353, 8881, 5116, 9512, 3319, 8586]
Load:
[664, 1064, 1176, 1176, 1176, 1176, 1064, 1176, 1176, 1216, 1160, 1344, 1496, 1592, 1480, 1720, 1720, 1608, 1752, 1752, 1912, 1912, 1912, 1976, 1976, 2040, 2040, 2040, 2104, 2072, 2072, 2104]
Length:
[0, 0, 1, 2, 2, 3, 3, 4, 5, 5, 6, 7, 8, 9, 9, 10, 11, 11, 12, 13, 13, 14, 14, 15, 15, 15, 16, 16, 17, 17, 18, 18, 19]
Action:
[0.0, 0.6, 1.6, 2.6, 3.2, 4.2, 4.8, 5.8, 6.8, 7.3999999999999995, 8.399999999999999, 9.399999999999999, 10.399999999999999, 11.399999999999999, 11.999999999999998, 12.999999999999998, 13.999999999999998, 14.599999999999998, 15.599999999999998, 16.599999999999998, 17.2, 18.2, 18.8, 19.8, 20.400000000000002, 21.000000000000004, 22.000000000000004, 22.600000000000005, 23.600000000000005, 24.200000000000006, 25.200000000000006, 25.800000000000008, 26.800000000000008]
