2022-06-20 11:29:32.111388: 
GridEnvironment Log:
EnvString:
####################
#gggggggg#g#gg#g####
########ggg##g#gg###
#gggggggg#gg#g#g#g##
###g##g#gg#gggggggg#
#ggg###gg###g#g#g#g#
#g#g##g#gg#ggg##gg##
#g##ggggg##g##gg#gg#
#ggg#g##g##g##g##g##
###gg#gggg#g#gggg#g#
#g###gg###gggg##ggg#
#ggggg#ggg####ggg###
#g####gg#gggggg#ggg#
#g#gg##g####g##gg#g#
#gg#g##gggg##ggg#gg#
#g##gggg###ggg#gg###
##gg#g#g#g#g##g#ggg#
###ggg#g#ggg##ggg#g#
####g#ggg##ggg##gg##
####################
Goal:
(16, 2)
StartPosition:
(12, 11)
Facing:
(-1, 0)
Name:
lab6
AgentType:
tremaux

2022-06-20 11:29:32.113574: Condition starting
2022-06-20 11:29:32.129935: TURN LEFT
2022-06-20 11:29:32.145602: WEST
2022-06-20 11:29:32.160931: WEST
2022-06-20 11:29:32.175954: TURN RIGHT
2022-06-20 11:29:32.191460: NORTH
2022-06-20 11:29:32.206785: TURN LEFT
2022-06-20 11:29:32.222378: WEST
2022-06-20 11:29:32.237673: WEST
2022-06-20 11:29:32.252730: TURN LEFT
2022-06-20 11:29:32.268067: SOUTH
2022-06-20 11:29:32.283350: SOUTH
2022-06-20 11:29:32.298706: SOUTH
2022-06-20 11:29:32.314059: TURN LEFT
2022-06-20 11:29:32.329546: EAST
2022-06-20 11:29:32.344785: EAST
2022-06-20 11:29:32.360272: EAST
2022-06-20 11:29:32.375428: TURN LEFT
2022-06-20 11:29:32.390812: TURN LEFT
2022-06-20 11:29:32.406215: WEST
2022-06-20 11:29:32.421742: WEST
2022-06-20 11:29:32.437288: WEST
2022-06-20 11:29:32.452455: TURN LEFT
2022-06-20 11:29:32.468025: SOUTH
2022-06-20 11:29:32.483386: TURN RIGHT
2022-06-20 11:29:32.498969: WEST
2022-06-20 11:29:32.514532: WEST
2022-06-20 11:29:32.529864: TURN LEFT
2022-06-20 11:29:32.545463: SOUTH
2022-06-20 11:29:32.560885: SOUTH
2022-06-20 11:29:32.576060: TURN RIGHT
2022-06-20 11:29:32.591702: WEST
2022-06-20 11:29:32.607127: WEST
2022-06-20 11:29:32.622567: TURN RIGHT
2022-06-20 11:29:32.638088: NORTH
2022-06-20 11:29:32.653565: TURN LEFT
2022-06-20 11:29:32.669120: WEST
2022-06-20 11:29:32.670190: Condition finished

Position:
[(12, 11), (12, 11), (12, 10), (12, 9), (12, 9), (11, 9), (11, 9), (11, 8), (11, 7), (11, 7), (12, 7), (13, 7), (14, 7), (14, 7), (14, 8), (14, 9), (14, 10), (14, 10), (14, 10), (14, 9), (14, 8), (14, 7), (14, 7), (15, 7), (15, 7), (15, 6), (15, 5), (15, 5), (16, 5), (17, 5), (17, 5), (17, 4), (17, 3), (17, 3), (16, 3), (16, 3), (16, 2)]
Time:
[0, 6654, 13207, 10632, 3606, 9374, 3516, 8620, 10353, 3392, 64065, 8905, 40809, 3383, 8445, 10165, 10073, 3434, 3069, 8826, 9775, 54910, 3498, 29565, 5161, 8663, 32078, 3418, 8425, 10184, 3683, 31034, 9041, 5176, 8704, 3365, 8775]
Load:
[664, 1064, 1176, 1176, 1176, 1176, 1064, 1176, 1176, 1216, 1160, 1432, 1432, 1320, 1352, 1496, 1496, 1496, 1352, 1352, 1592, 1592, 1656, 1720, 1608, 1912, 1912, 1800, 1944, 1944, 1952, 2040, 2104, 2072, 2072, 2104]
Length:
[0, 0, 1, 2, 2, 3, 3, 4, 5, 5, 6, 7, 8, 8, 9, 10, 11, 11, 11, 12, 13, 14, 14, 15, 15, 16, 17, 17, 18, 19, 19, 20, 21, 21, 22, 22, 23]
Action:
[0.0, 0.6, 1.6, 2.6, 3.2, 4.2, 4.8, 5.8, 6.8, 7.3999999999999995, 8.399999999999999, 9.399999999999999, 10.399999999999999, 10.999999999999998, 11.999999999999998, 12.999999999999998, 13.999999999999998, 14.599999999999998, 15.199999999999998, 16.199999999999996, 17.199999999999996, 18.199999999999996, 18.799999999999997, 19.799999999999997, 20.4, 21.4, 22.4, 23.0, 24.0, 25.0, 25.6, 26.6, 27.6, 28.200000000000003, 29.200000000000003, 29.800000000000004, 30.800000000000004]
