2022-06-20 10:39:23.988341: 
GridEnvironment Log:
EnvString:
####################
#ggg#g#g#ggg#g#g#gg#
#g#g#gggg##g#ggggg##
#g#g##g##gggg#g#g#g#
#g#gg#g#gg##g#gg#gg#
#g##g#g###ggggg#g#g#
#g#gg#ggg#g####gg#g#
##g#ggg#g#gg##gg##g#
#ggg##gg#gg#g#g###g#
#g#g##g#gg#gg#ggggg#
###gggggg#g#ggg#####
#gg#####ggg##g#gg#g#
#g#gggggg#ggggg#ggg#
#ggg#g#g####g#ggg#g#
##g#gg#gg###gg#g##g#
#gg#g#g#gggg#gg#gg##
##g#ggg#g##gg#ggg###
##gg#g##gg###gg#####
###gg####gg#gg######
####################
Goal:
(4, 6)
StartPosition:
(9, 17)
Facing:
(-1, 0)
Name:
lab3
AgentType:
directedTremaux

2022-06-20 10:39:23.990477: Condition starting
2022-06-20 10:39:24.005377: TURN LEFT
2022-06-20 10:39:24.020572: WEST
2022-06-20 10:39:24.035805: WEST
2022-06-20 10:39:24.051134: WEST
2022-06-20 10:39:24.066158: TURN RIGHT
2022-06-20 10:39:24.081349: NORTH
2022-06-20 10:39:24.096844: NORTH
2022-06-20 10:39:24.111856: TURN RIGHT
2022-06-20 10:39:24.126961: EAST
2022-06-20 10:39:24.141885: TURN LEFT
2022-06-20 10:39:24.157057: NORTH
2022-06-20 10:39:24.172078: TURN RIGHT
2022-06-20 10:39:24.187141: EAST
2022-06-20 10:39:24.202173: TURN LEFT
2022-06-20 10:39:24.217276: NORTH
2022-06-20 10:39:24.232222: TURN LEFT
2022-06-20 10:39:24.247182: TURN LEFT
2022-06-20 10:39:24.262284: SOUTH
2022-06-20 10:39:24.277280: TURN RIGHT
2022-06-20 10:39:24.292387: WEST
2022-06-20 10:39:24.307290: TURN LEFT
2022-06-20 10:39:24.322544: SOUTH
2022-06-20 10:39:24.337598: TURN RIGHT
2022-06-20 10:39:24.352863: WEST
2022-06-20 10:39:24.367843: TURN LEFT
2022-06-20 10:39:24.383080: SOUTH
2022-06-20 10:39:24.398397: SOUTH
2022-06-20 10:39:24.413743: SOUTH
2022-06-20 10:39:24.429467: TURN RIGHT
2022-06-20 10:39:24.445309: WEST
2022-06-20 10:39:24.461171: WEST
2022-06-20 10:39:24.481284: TURN RIGHT
2022-06-20 10:39:24.497834: NORTH
2022-06-20 10:39:24.513044: TURN LEFT
2022-06-20 10:39:24.528364: WEST
2022-06-20 10:39:24.543670: TURN LEFT
2022-06-20 10:39:24.558690: TURN LEFT
2022-06-20 10:39:24.574213: EAST
2022-06-20 10:39:24.589453: TURN LEFT
2022-06-20 10:39:24.604913: NORTH
2022-06-20 10:39:24.619953: TURN LEFT
2022-06-20 10:39:24.635168: TURN LEFT
2022-06-20 10:39:24.650725: SOUTH
2022-06-20 10:39:24.666241: SOUTH
2022-06-20 10:39:24.681636: TURN LEFT
2022-06-20 10:39:24.697305: EAST
2022-06-20 10:39:24.712612: TURN RIGHT
2022-06-20 10:39:24.728109: SOUTH
2022-06-20 10:39:24.743590: SOUTH
2022-06-20 10:39:24.758978: TURN RIGHT
2022-06-20 10:39:24.774632: WEST
2022-06-20 10:39:24.790175: WEST
2022-06-20 10:39:24.805820: WEST
2022-06-20 10:39:24.821158: TURN RIGHT
2022-06-20 10:39:24.836743: NORTH
2022-06-20 10:39:24.851953: TURN LEFT
2022-06-20 10:39:24.867517: WEST
2022-06-20 10:39:24.883107: WEST
2022-06-20 10:39:24.898511: TURN RIGHT
2022-06-20 10:39:24.914130: NORTH
2022-06-20 10:39:24.929690: NORTH
2022-06-20 10:39:24.945123: TURN RIGHT
2022-06-20 10:39:24.960620: EAST
2022-06-20 10:39:24.975951: TURN LEFT
2022-06-20 10:39:24.991511: NORTH
2022-06-20 10:39:25.007093: TURN RIGHT
2022-06-20 10:39:25.022791: EAST
2022-06-20 10:39:25.038233: TURN LEFT
2022-06-20 10:39:25.053997: NORTH
2022-06-20 10:39:25.069571: NORTH
2022-06-20 10:39:25.085341: NORTH
2022-06-20 10:39:25.100838: TURN RIGHT
2022-06-20 10:39:25.116420: EAST
2022-06-20 10:39:25.132172: EAST
2022-06-20 10:39:25.147853: TURN LEFT
2022-06-20 10:39:25.163567: NORTH
2022-06-20 10:39:25.179260: NORTH
2022-06-20 10:39:25.194860: TURN LEFT
2022-06-20 10:39:25.210658: WEST
2022-06-20 10:39:25.226285: WEST
2022-06-20 10:39:25.242040: WEST
2022-06-20 10:39:25.257656: TURN LEFT
2022-06-20 10:39:25.273337: SOUTH
2022-06-20 10:39:25.289054: TURN RIGHT
2022-06-20 10:39:25.304655: WEST
2022-06-20 10:39:25.320422: TURN LEFT
2022-06-20 10:39:25.336044: TURN LEFT
2022-06-20 10:39:25.351801: EAST
2022-06-20 10:39:25.367448: TURN LEFT
2022-06-20 10:39:25.383280: NORTH
2022-06-20 10:39:25.399120: TURN RIGHT
2022-06-20 10:39:25.414940: EAST
2022-06-20 10:39:25.430563: EAST
2022-06-20 10:39:25.446143: TURN LEFT
2022-06-20 10:39:25.461956: NORTH
2022-06-20 10:39:25.477700: NORTH
2022-06-20 10:39:25.493583: TURN LEFT
2022-06-20 10:39:25.509299: WEST
2022-06-20 10:39:25.525284: WEST
2022-06-20 10:39:25.541110: TURN LEFT
2022-06-20 10:39:25.556592: TURN LEFT
2022-06-20 10:39:25.572495: EAST
2022-06-20 10:39:25.588399: EAST
2022-06-20 10:39:25.604213: TURN RIGHT
2022-06-20 10:39:25.619901: SOUTH
2022-06-20 10:39:25.635851: SOUTH
2022-06-20 10:39:25.651614: TURN LEFT
2022-06-20 10:39:25.667566: EAST
2022-06-20 10:39:25.683415: TURN RIGHT
2022-06-20 10:39:25.699371: SOUTH
2022-06-20 10:39:25.715360: SOUTH
2022-06-20 10:39:25.731218: TURN LEFT
2022-06-20 10:39:25.747186: EAST
2022-06-20 10:39:25.763218: EAST
2022-06-20 10:39:25.779007: TURN LEFT
2022-06-20 10:39:25.794937: NORTH
2022-06-20 10:39:25.810876: NORTH
2022-06-20 10:39:25.826982: NORTH
2022-06-20 10:39:25.842757: TURN LEFT
2022-06-20 10:39:25.858724: WEST
2022-06-20 10:39:25.874500: TURN RIGHT
2022-06-20 10:39:25.890560: NORTH
2022-06-20 10:39:25.906516: TURN LEFT
2022-06-20 10:39:25.922161: TURN LEFT
2022-06-20 10:39:25.938312: SOUTH
2022-06-20 10:39:25.954187: TURN LEFT
2022-06-20 10:39:25.970083: EAST
2022-06-20 10:39:25.986335: EAST
2022-06-20 10:39:26.002503: EAST
2022-06-20 10:39:26.018543: TURN RIGHT
2022-06-20 10:39:26.034663: SOUTH
2022-06-20 10:39:26.050511: TURN LEFT
2022-06-20 10:39:26.066455: TURN LEFT
2022-06-20 10:39:26.082563: NORTH
2022-06-20 10:39:26.098512: TURN RIGHT
2022-06-20 10:39:26.114649: EAST
2022-06-20 10:39:26.130709: TURN LEFT
2022-06-20 10:39:26.146909: NORTH
2022-06-20 10:39:26.162922: TURN RIGHT
2022-06-20 10:39:26.179018: EAST
2022-06-20 10:39:26.194883: TURN LEFT
2022-06-20 10:39:26.210941: TURN LEFT
2022-06-20 10:39:26.227034: WEST
2022-06-20 10:39:26.243074: TURN LEFT
2022-06-20 10:39:26.259270: SOUTH
2022-06-20 10:39:26.275310: TURN RIGHT
2022-06-20 10:39:26.291695: WEST
2022-06-20 10:39:26.307975: WEST
2022-06-20 10:39:26.324104: TURN RIGHT
2022-06-20 10:39:26.340273: NORTH
2022-06-20 10:39:26.356322: TURN LEFT
2022-06-20 10:39:26.372359: TURN LEFT
2022-06-20 10:39:26.388733: SOUTH
2022-06-20 10:39:26.404908: TURN RIGHT
2022-06-20 10:39:26.420951: WEST
2022-06-20 10:39:26.436885: TURN LEFT
2022-06-20 10:39:26.452972: SOUTH
2022-06-20 10:39:26.469071: SOUTH
2022-06-20 10:39:26.485091: TURN LEFT
2022-06-20 10:39:26.501221: EAST
2022-06-20 10:39:26.517308: TURN LEFT
2022-06-20 10:39:26.533680: TURN LEFT
2022-06-20 10:39:26.550024: WEST
2022-06-20 10:39:26.566286: TURN LEFT
2022-06-20 10:39:26.582651: SOUTH
2022-06-20 10:39:26.598858: TURN RIGHT
2022-06-20 10:39:26.615253: WEST
2022-06-20 10:39:26.631690: WEST
2022-06-20 10:39:26.648074: WEST
2022-06-20 10:39:26.664406: WEST
2022-06-20 10:39:26.680687: TURN LEFT
2022-06-20 10:39:26.696988: SOUTH
2022-06-20 10:39:26.713220: SOUTH
2022-06-20 10:39:26.729228: TURN LEFT
2022-06-20 10:39:26.745591: EAST
2022-06-20 10:39:26.761755: TURN LEFT
2022-06-20 10:39:26.777857: TURN LEFT
2022-06-20 10:39:26.794242: WEST
2022-06-20 10:39:26.810370: TURN LEFT
2022-06-20 10:39:26.826866: SOUTH
2022-06-20 10:39:26.843207: TURN RIGHT
2022-06-20 10:39:26.859736: WEST
2022-06-20 10:39:26.876199: TURN LEFT
2022-06-20 10:39:26.892748: SOUTH
2022-06-20 10:39:26.908903: TURN RIGHT
2022-06-20 10:39:26.925251: WEST
2022-06-20 10:39:26.941505: TURN LEFT
2022-06-20 10:39:26.958087: SOUTH
2022-06-20 10:39:26.974483: TURN RIGHT
2022-06-20 10:39:26.991041: WEST
2022-06-20 10:39:27.007547: WEST
2022-06-20 10:39:27.023899: TURN RIGHT
2022-06-20 10:39:27.040541: NORTH
2022-06-20 10:39:27.057226: NORTH
2022-06-20 10:39:27.073812: NORTH
2022-06-20 10:39:27.090468: NORTH
2022-06-20 10:39:27.107031: NORTH
2022-06-20 10:39:27.123560: NORTH
2022-06-20 10:39:27.124853: Condition finished

Position:
[(9, 17), (9, 17), (9, 16), (9, 15), (9, 14), (9, 14), (8, 14), (7, 14), (7, 14), (7, 15), (7, 15), (6, 15), (6, 15), (6, 16), (6, 16), (5, 16), (5, 16), (5, 16), (6, 16), (6, 16), (6, 15), (6, 15), (7, 15), (7, 15), (7, 14), (7, 14), (8, 14), (9, 14), (10, 14), (10, 14), (10, 13), (10, 12), (10, 12), (9, 12), (9, 12), (9, 11), (9, 11), (9, 11), (9, 12), (9, 12), (8, 12), (8, 12), (8, 12), (9, 12), (10, 12), (10, 12), (10, 13), (10, 13), (11, 13), (12, 13), (12, 13), (12, 12), (12, 11), (12, 10), (12, 10), (11, 10), (11, 10), (11, 9), (11, 8), (11, 8), (10, 8), (9, 8), (9, 8), (9, 9), (9, 9), (8, 9), (8, 9), (8, 10), (8, 10), (7, 10), (6, 10), (5, 10), (5, 10), (5, 11), (5, 12), (5, 12), (4, 12), (3, 12), (3, 12), (3, 11), (3, 10), (3, 9), (3, 9), (4, 9), (4, 9), (4, 8), (4, 8), (4, 8), (4, 9), (4, 9), (3, 9), (3, 9), (3, 10), (3, 11), (3, 11), (2, 11), (1, 11), (1, 11), (1, 10), (1, 9), (1, 9), (1, 9), (1, 10), (1, 11), (1, 11), (2, 11), (3, 11), (3, 11), (3, 12), (3, 12), (4, 12), (5, 12), (5, 12), (5, 13), (5, 14), (5, 14), (4, 14), (3, 14), (2, 14), (2, 14), (2, 13), (2, 13), (1, 13), (1, 13), (1, 13), (2, 13), (2, 13), (2, 14), (2, 15), (2, 16), (2, 16), (3, 16), (3, 16), (3, 16), (2, 16), (2, 16), (2, 17), (2, 17), (1, 17), (1, 17), (1, 18), (1, 18), (1, 18), (1, 17), (1, 17), (2, 17), (2, 17), (2, 16), (2, 15), (2, 15), (1, 15), (1, 15), (1, 15), (2, 15), (2, 15), (2, 14), (2, 14), (3, 14), (4, 14), (4, 14), (4, 15), (4, 15), (4, 15), (4, 14), (4, 14), (5, 14), (5, 14), (5, 13), (5, 12), (5, 11), (5, 10), (5, 10), (6, 10), (7, 10), (7, 10), (7, 11), (7, 11), (7, 11), (7, 10), (7, 10), (8, 10), (8, 10), (8, 9), (8, 9), (9, 9), (9, 9), (9, 8), (9, 8), (10, 8), (10, 8), (10, 7), (10, 6), (10, 6), (9, 6), (8, 6), (7, 6), (6, 6), (5, 6), (4, 6)]
Time:
[0, 2843, 10966, 11071, 36072, 3586, 8626, 11919, 3811, 9222, 3608, 9935, 3580, 8884, 3600, 9229, 3713, 3406, 9383, 3658, 9368, 3668, 9135, 3547, 9391, 3680, 8710, 59908, 9554, 5873, 36772, 10124, 5629, 84009, 5259, 11166, 6036, 3405, 76006, 3624, 9012, 5160, 3264, 69791, 9431, 5293, 55403, 3684, 8928, 33000, 3702, 35258, 11302, 11338, 3603, 33544, 3617, 9642, 33273, 3736, 33732, 11084, 5173, 9321, 3666, 8994, 3525, 9248, 3512, 34006, 8931, 10651, 3604, 9780, 35590, 3640, 8821, 11867, 3546, 39973, 10488, 11161, 3502, 9323, 3525, 9128, 3586, 3274, 9272, 3572, 9065, 3550, 8840, 56146, 3589, 9441, 10555, 3703, 9009, 10076, 3573, 3453, 8670, 9069, 3561, 8804, 47627, 3678, 9164, 5382, 8726, 50488, 3599, 8610, 11889, 3613, 34302, 8656, 32730, 3716, 10328, 5310, 8673, 3641, 1900, 9412, 3522, 52624, 34966, 41146, 5233, 8903, 5366, 3317, 49286, 3616, 8915, 5305, 9131, 3620, 8741, 3715, 3255, 9705, 3558, 9519, 3614, 54634, 61673, 5441, 9612, 5116, 3227, 49906, 3664, 53437, 5454, 8517, 54191, 3679, 8761, 5313, 3258, 50098, 3652, 9086, 5238, 9838, 53123, 10147, 11119, 3641, 8894, 53313, 3608, 8934, 5220, 3340, 49762, 3652, 9149, 5334, 9590, 3627, 9137, 4233, 9250, 3645, 53537, 3666, 8902, 37067, 3674, 8500, 36257, 35016, 37156, 10498, 10327]
Load:
[832, 1232, 1232, 1472, 1472, 1360, 1504, 1504, 1504, 1504, 1504, 1504, 1504, 1504, 1536, 1536, 1536, 1504, 1504, 1504, 1504, 1504, 1504, 1504, 1504, 1392, 1512, 1600, 1664, 1672, 1760, 1824, 1888, 1888, 1888, 1952, 1952, 2080, 2080, 2080, 2144, 2144, 2120, 2208, 2272, 2336, 2336, 2224, 2464, 2464, 2472, 2544, 2688, 2688, 2784, 2784, 2672, 2912, 2912, 2920, 3040, 3104, 3072, 3072, 3072, 3072, 3072, 3072, 3144, 3088, 3264, 3264, 3152, 3360, 3360, 3248, 3392, 3392, 3400, 3344, 3520, 3520, 3520, 3520, 3552, 3552, 3552, 3520, 3520, 3520, 3520, 3408, 3616, 3616, 3504, 3648, 3648, 3536, 3680, 3680, 3680, 3536, 3648, 3648, 3536, 3808, 3808, 3808, 3872, 3728, 3936, 3936, 3824, 3968, 3968, 3976, 3920, 4192, 4192, 4192, 4256, 4256, 4256, 4256, 4224, 4224, 4328, 4424, 4608, 4672, 4672, 4736, 4736, 4800, 4800, 4800, 4864, 4832, 4832, 4864, 4864, 4864, 4832, 4832, 4832, 4832, 4840, 4992, 5056, 5056, 5120, 5120, 5280, 5280, 5344, 5408, 5296, 5536, 5536, 5536, 5600, 5600, 5664, 5664, 5664, 5728, 5584, 5704, 5648, 5824, 5824, 5712, 5920, 5920, 5920, 5984, 5984, 6144, 6144, 6144, 6208, 6176, 6176, 6176, 6176, 6176, 6176, 6272, 6272, 6160, 6400, 6400, 6288, 6440, 6536, 6664, 6672, 6704]
Length:
[0, 0, 1, 2, 3, 3, 4, 5, 5, 6, 6, 7, 7, 8, 8, 9, 9, 9, 10, 10, 11, 11, 12, 12, 13, 13, 14, 15, 16, 16, 17, 18, 18, 19, 19, 20, 20, 20, 21, 21, 22, 22, 22, 23, 24, 24, 25, 25, 26, 27, 27, 28, 29, 30, 30, 31, 31, 32, 33, 33, 34, 35, 35, 36, 36, 37, 37, 38, 38, 39, 40, 41, 41, 42, 43, 43, 44, 45, 45, 46, 47, 48, 48, 49, 49, 50, 50, 50, 51, 51, 52, 52, 53, 54, 54, 55, 56, 56, 57, 58, 58, 58, 59, 60, 60, 61, 62, 62, 63, 63, 64, 65, 65, 66, 67, 67, 68, 69, 70, 70, 71, 71, 72, 72, 72, 73, 73, 74, 75, 76, 76, 77, 77, 77, 78, 78, 79, 79, 80, 80, 81, 81, 81, 82, 82, 83, 83, 84, 85, 85, 86, 86, 86, 87, 87, 88, 88, 89, 90, 90, 91, 91, 91, 92, 92, 93, 93, 94, 95, 96, 97, 97, 98, 99, 99, 100, 100, 100, 101, 101, 102, 102, 103, 103, 104, 104, 105, 105, 106, 106, 107, 108, 108, 109, 110, 111, 112, 113, 114]
Action:
[0.0, 0.6, 1.6, 2.6, 3.6, 4.2, 5.2, 6.2, 6.8, 7.8, 8.4, 9.4, 10.0, 11.0, 11.6, 12.6, 13.2, 13.799999999999999, 14.799999999999999, 15.399999999999999, 16.4, 17.0, 18.0, 18.6, 19.6, 20.200000000000003, 21.200000000000003, 22.200000000000003, 23.200000000000003, 23.800000000000004, 24.800000000000004, 25.800000000000004, 26.400000000000006, 27.400000000000006, 28.000000000000007, 29.000000000000007, 29.60000000000001, 30.20000000000001, 31.20000000000001, 31.80000000000001, 32.80000000000001, 33.40000000000001, 34.000000000000014, 35.000000000000014, 36.000000000000014, 36.600000000000016, 37.600000000000016, 38.20000000000002, 39.20000000000002, 40.20000000000002, 40.80000000000002, 41.80000000000002, 42.80000000000002, 43.80000000000002, 44.40000000000002, 45.40000000000002, 46.00000000000002, 47.00000000000002, 48.00000000000002, 48.60000000000002, 49.60000000000002, 50.60000000000002, 51.200000000000024, 52.200000000000024, 52.800000000000026, 53.800000000000026, 54.40000000000003, 55.40000000000003, 56.00000000000003, 57.00000000000003, 58.00000000000003, 59.00000000000003, 59.60000000000003, 60.60000000000003, 61.60000000000003, 62.20000000000003, 63.20000000000003, 64.20000000000003, 64.80000000000003, 65.80000000000003, 66.80000000000003, 67.80000000000003, 68.40000000000002, 69.40000000000002, 70.00000000000001, 71.00000000000001, 71.60000000000001, 72.2, 73.2, 73.8, 74.8, 75.39999999999999, 76.39999999999999, 77.39999999999999, 77.99999999999999, 78.99999999999999, 79.99999999999999, 80.59999999999998, 81.59999999999998, 82.59999999999998, 83.19999999999997, 83.79999999999997, 84.79999999999997, 85.79999999999997, 86.39999999999996, 87.39999999999996, 88.39999999999996, 88.99999999999996, 89.99999999999996, 90.59999999999995, 91.59999999999995, 92.59999999999995, 93.19999999999995, 94.19999999999995, 95.19999999999995, 95.79999999999994, 96.79999999999994, 97.79999999999994, 98.79999999999994, 99.39999999999993, 100.39999999999993, 100.99999999999993, 101.99999999999993, 102.59999999999992, 103.19999999999992, 104.19999999999992, 104.79999999999991, 105.79999999999991, 106.79999999999991, 107.79999999999991, 108.3999999999999, 109.3999999999999, 109.9999999999999, 110.5999999999999, 111.5999999999999, 112.19999999999989, 113.19999999999989, 113.79999999999988, 114.79999999999988, 115.39999999999988, 116.39999999999988, 116.99999999999987, 117.59999999999987, 118.59999999999987, 119.19999999999986, 120.19999999999986, 120.79999999999986, 121.79999999999986, 122.79999999999986, 123.39999999999985, 124.39999999999985, 124.99999999999984, 125.59999999999984, 126.59999999999984, 127.19999999999983, 128.19999999999982, 128.7999999999998, 129.7999999999998, 130.7999999999998, 131.3999999999998, 132.3999999999998, 132.9999999999998, 133.5999999999998, 134.5999999999998, 135.1999999999998, 136.1999999999998, 136.79999999999978, 137.79999999999978, 138.79999999999978, 139.79999999999978, 140.79999999999978, 141.39999999999978, 142.39999999999978, 143.39999999999978, 143.99999999999977, 144.99999999999977, 145.59999999999977, 146.19999999999976, 147.19999999999976, 147.79999999999976, 148.79999999999976, 149.39999999999975, 150.39999999999975, 150.99999999999974, 151.99999999999974, 152.59999999999974, 153.59999999999974, 154.19999999999973, 155.19999999999973, 155.79999999999973, 156.79999999999973, 157.79999999999973, 158.39999999999972, 159.39999999999972, 160.39999999999972, 161.39999999999972, 162.39999999999972, 163.39999999999972, 164.39999999999972]
