2022-06-20 11:29:33.555135: 
GridEnvironment Log:
EnvString:
####################
#gggggggg#g#gg#g####
########ggg##g#gg###
#gggggggg#gg#g#g#g##
###g##g#gg#gggggggg#
#ggg###gg###g#g#g#g#
#g#g##g#gg#ggg##gg##
#g##ggggg##g##gg#gg#
#ggg#g##g##g##g##g##
###gg#gggg#g#gggg#g#
#g###gg###gggg##ggg#
#ggggg#ggg####ggg###
#g####gg#gggggg#ggg#
#g#gg##g####g##gg#g#
#gg#g##gggg##ggg#gg#
#g##gggg###ggg#gg###
##gg#g#g#g#g##g#ggg#
###ggg#g#ggg##ggg#g#
####g#ggg##ggg##gg##
####################
Goal:
(16, 2)
StartPosition:
(12, 11)
Facing:
(-1, 0)
Name:
lab6
AgentType:
tremaux

2022-06-20 11:29:33.557686: Condition starting
2022-06-20 11:29:33.572862: TURN LEFT
2022-06-20 11:29:33.588115: WEST
2022-06-20 11:29:33.603501: WEST
2022-06-20 11:29:33.618799: TURN RIGHT
2022-06-20 11:29:33.634039: NORTH
2022-06-20 11:29:33.649131: TURN LEFT
2022-06-20 11:29:33.664367: WEST
2022-06-20 11:29:33.679736: WEST
2022-06-20 11:29:33.694843: TURN LEFT
2022-06-20 11:29:33.710096: SOUTH
2022-06-20 11:29:33.725399: SOUTH
2022-06-20 11:29:33.740735: SOUTH
2022-06-20 11:29:33.755819: TURN LEFT
2022-06-20 11:29:33.771343: EAST
2022-06-20 11:29:33.786725: EAST
2022-06-20 11:29:33.802671: EAST
2022-06-20 11:29:33.817978: TURN LEFT
2022-06-20 11:29:33.833387: TURN LEFT
2022-06-20 11:29:33.849050: WEST
2022-06-20 11:29:33.864422: WEST
2022-06-20 11:29:33.880057: WEST
2022-06-20 11:29:33.895498: TURN LEFT
2022-06-20 11:29:33.911228: SOUTH
2022-06-20 11:29:33.926725: TURN RIGHT
2022-06-20 11:29:33.942333: WEST
2022-06-20 11:29:33.957961: WEST
2022-06-20 11:29:33.973535: WEST
2022-06-20 11:29:33.989034: TURN RIGHT
2022-06-20 11:29:34.004469: NORTH
2022-06-20 11:29:34.020086: NORTH
2022-06-20 11:29:34.035451: TURN LEFT
2022-06-20 11:29:34.051162: WEST
2022-06-20 11:29:34.066628: TURN LEFT
2022-06-20 11:29:34.082061: TURN LEFT
2022-06-20 11:29:34.097772: EAST
2022-06-20 11:29:34.113266: TURN RIGHT
2022-06-20 11:29:34.128824: SOUTH
2022-06-20 11:29:34.144339: SOUTH
2022-06-20 11:29:34.159899: TURN LEFT
2022-06-20 11:29:34.175637: EAST
2022-06-20 11:29:34.191223: TURN RIGHT
2022-06-20 11:29:34.207177: SOUTH
2022-06-20 11:29:34.222823: SOUTH
2022-06-20 11:29:34.238449: TURN RIGHT
2022-06-20 11:29:34.254074: WEST
2022-06-20 11:29:34.269526: WEST
2022-06-20 11:29:34.285108: TURN RIGHT
2022-06-20 11:29:34.300603: NORTH
2022-06-20 11:29:34.316177: TURN LEFT
2022-06-20 11:29:34.331922: WEST
2022-06-20 11:29:34.333202: Condition finished

Position:
[(12, 11), (12, 11), (12, 10), (12, 9), (12, 9), (11, 9), (11, 9), (11, 8), (11, 7), (11, 7), (12, 7), (13, 7), (14, 7), (14, 7), (14, 8), (14, 9), (14, 10), (14, 10), (14, 10), (14, 9), (14, 8), (14, 7), (14, 7), (15, 7), (15, 7), (15, 6), (15, 5), (15, 4), (15, 4), (14, 4), (13, 4), (13, 4), (13, 3), (13, 3), (13, 3), (13, 4), (13, 4), (14, 4), (15, 4), (15, 4), (15, 5), (15, 5), (16, 5), (17, 5), (17, 5), (17, 4), (17, 3), (17, 3), (16, 3), (16, 3), (16, 2)]
Time:
[0, 4150, 11256, 9690, 3395, 8876, 3299, 9741, 9896, 3426, 29685, 8812, 31819, 3700, 8328, 10593, 8732, 3835, 3167, 9123, 8583, 61816, 3308, 34024, 5018, 8622, 34599, 9193, 5054, 8195, 8491, 3428, 9450, 3256, 2965, 9453, 3352, 8285, 8503, 3437, 53855, 3318, 11881, 10272, 3409, 34889, 8767, 5138, 8691, 3379, 9381]
Load:
[664, 1064, 1176, 1176, 1176, 1176, 1064, 1176, 1176, 1216, 1160, 1432, 1432, 1320, 1352, 1496, 1496, 1496, 1352, 1352, 1592, 1592, 1656, 1720, 1608, 1824, 1912, 1976, 1832, 1944, 1944, 1976, 1976, 1976, 1944, 1944, 1832, 1944, 1944, 2040, 2040, 1928, 2072, 2072, 2080, 2168, 2232, 2200, 2200, 2232]
Length:
[0, 0, 1, 2, 2, 3, 3, 4, 5, 5, 6, 7, 8, 8, 9, 10, 11, 11, 11, 12, 13, 14, 14, 15, 15, 16, 17, 18, 18, 19, 20, 20, 21, 21, 21, 22, 22, 23, 24, 24, 25, 25, 26, 27, 27, 28, 29, 29, 30, 30, 31]
Action:
[0.0, 0.6, 1.6, 2.6, 3.2, 4.2, 4.8, 5.8, 6.8, 7.3999999999999995, 8.399999999999999, 9.399999999999999, 10.399999999999999, 10.999999999999998, 11.999999999999998, 12.999999999999998, 13.999999999999998, 14.599999999999998, 15.199999999999998, 16.199999999999996, 17.199999999999996, 18.199999999999996, 18.799999999999997, 19.799999999999997, 20.4, 21.4, 22.4, 23.4, 24.0, 25.0, 26.0, 26.6, 27.6, 28.200000000000003, 28.800000000000004, 29.800000000000004, 30.400000000000006, 31.400000000000006, 32.400000000000006, 33.00000000000001, 34.00000000000001, 34.60000000000001, 35.60000000000001, 36.60000000000001, 37.20000000000001, 38.20000000000001, 39.20000000000001, 39.80000000000001, 40.80000000000001, 41.40000000000001, 42.40000000000001]
