2022-06-20 11:55:07.726873: 
GridEnvironment Log:
EnvString:
####################
#g#ggg#ggg#ggg#g##g#
#gg##gg#g#g##g#gggg#
##ggg#ggg#gggggg#g##
#g##gg##ggg#g#g#g###
#g#g#g##g##gg###gg##
#ggggggggg##g#ggg#g#
####g#g##gg##g#g#gg#
#gggg####g#g#ggggg##
####g#ggggggg###g#g#
#ggg#gg#g#g#ggggggg#
###ggg#gg##gg####g##
#ggg#g##g#gg##gg#g##
#g#g##ggg##gggg##gg#
#g##ggg#g##g###ggg##
##ggg#g#ggg#ggg##gg#
##g#g###g#ggg##ggg##
#g#g#gggg##g#ggg#g##
#ggggg##ggg###g#ggg#
####################
Goal:
(3, 17)
StartPosition:
(8, 9)
Facing:
(-1, 0)
Name:
lab8
AgentType:
directedTremaux

2022-06-20 11:55:07.729151: Condition starting
2022-06-20 11:55:07.744358: NORTH
2022-06-20 11:55:07.759392: TURN RIGHT
2022-06-20 11:55:07.774920: EAST
2022-06-20 11:55:07.790091: TURN LEFT
2022-06-20 11:55:07.805251: TURN LEFT
2022-06-20 11:55:07.820664: WEST
2022-06-20 11:55:07.835906: TURN RIGHT
2022-06-20 11:55:07.851348: NORTH
2022-06-20 11:55:07.866604: TURN LEFT
2022-06-20 11:55:07.882108: WEST
2022-06-20 11:55:07.897297: TURN RIGHT
2022-06-20 11:55:07.912662: NORTH
2022-06-20 11:55:07.928296: NORTH
2022-06-20 11:55:07.943790: NORTH
2022-06-20 11:55:07.959219: NORTH
2022-06-20 11:55:07.974963: NORTH
2022-06-20 11:55:07.990178: TURN RIGHT
2022-06-20 11:55:08.005688: EAST
2022-06-20 11:55:08.020957: TURN LEFT
2022-06-20 11:55:08.036067: TURN LEFT
2022-06-20 11:55:08.051619: WEST
2022-06-20 11:55:08.066930: WEST
2022-06-20 11:55:08.082303: TURN LEFT
2022-06-20 11:55:08.097716: TURN LEFT
2022-06-20 11:55:08.113283: EAST
2022-06-20 11:55:08.128648: TURN RIGHT
2022-06-20 11:55:08.144136: SOUTH
2022-06-20 11:55:08.159762: SOUTH
2022-06-20 11:55:08.175216: TURN RIGHT
2022-06-20 11:55:08.190805: WEST
2022-06-20 11:55:08.206435: WEST
2022-06-20 11:55:08.221790: TURN RIGHT
2022-06-20 11:55:08.237229: NORTH
2022-06-20 11:55:08.252477: TURN LEFT
2022-06-20 11:55:08.268114: WEST
2022-06-20 11:55:08.283666: TURN RIGHT
2022-06-20 11:55:08.299118: NORTH
2022-06-20 11:55:08.314556: TURN LEFT
2022-06-20 11:55:08.330081: WEST
2022-06-20 11:55:08.345648: WEST
2022-06-20 11:55:08.361055: TURN LEFT
2022-06-20 11:55:08.376436: TURN LEFT
2022-06-20 11:55:08.392112: EAST
2022-06-20 11:55:08.407813: EAST
2022-06-20 11:55:08.423278: TURN RIGHT
2022-06-20 11:55:08.438902: SOUTH
2022-06-20 11:55:08.454530: TURN LEFT
2022-06-20 11:55:08.470195: EAST
2022-06-20 11:55:08.485793: TURN RIGHT
2022-06-20 11:55:08.501368: SOUTH
2022-06-20 11:55:08.516841: TURN LEFT
2022-06-20 11:55:08.532527: EAST
2022-06-20 11:55:08.548188: EAST
2022-06-20 11:55:08.563871: TURN RIGHT
2022-06-20 11:55:08.579679: SOUTH
2022-06-20 11:55:08.595236: TURN LEFT
2022-06-20 11:55:08.611172: EAST
2022-06-20 11:55:08.627326: EAST
2022-06-20 11:55:08.642783: TURN LEFT
2022-06-20 11:55:08.658493: NORTH
2022-06-20 11:55:08.674048: NORTH
2022-06-20 11:55:08.689465: TURN LEFT
2022-06-20 11:55:08.704807: TURN LEFT
2022-06-20 11:55:08.720470: SOUTH
2022-06-20 11:55:08.736221: TURN LEFT
2022-06-20 11:55:08.752024: EAST
2022-06-20 11:55:08.767822: EAST
2022-06-20 11:55:08.783703: EAST
2022-06-20 11:55:08.799610: EAST
2022-06-20 11:55:08.815348: EAST
2022-06-20 11:55:08.830990: TURN LEFT
2022-06-20 11:55:08.846865: NORTH
2022-06-20 11:55:08.862633: TURN RIGHT
2022-06-20 11:55:08.878454: EAST
2022-06-20 11:55:08.894405: EAST
2022-06-20 11:55:08.910034: EAST
2022-06-20 11:55:08.925798: TURN LEFT
2022-06-20 11:55:08.941705: NORTH
2022-06-20 11:55:08.957389: TURN LEFT
2022-06-20 11:55:08.973105: TURN LEFT
2022-06-20 11:55:08.988669: SOUTH
2022-06-20 11:55:09.004323: TURN RIGHT
2022-06-20 11:55:09.020242: WEST
2022-06-20 11:55:09.035897: TURN LEFT
2022-06-20 11:55:09.051853: SOUTH
2022-06-20 11:55:09.053130: Condition finished

Position:
[(8, 9), (7, 9), (7, 9), (7, 10), (7, 10), (7, 10), (7, 9), (7, 9), (6, 9), (6, 9), (6, 8), (6, 8), (5, 8), (4, 8), (3, 8), (2, 8), (1, 8), (1, 8), (1, 9), (1, 9), (1, 9), (1, 8), (1, 7), (1, 7), (1, 7), (1, 8), (1, 8), (2, 8), (3, 8), (3, 8), (3, 7), (3, 6), (3, 6), (2, 6), (2, 6), (2, 5), (2, 5), (1, 5), (1, 5), (1, 4), (1, 3), (1, 3), (1, 3), (1, 4), (1, 5), (1, 5), (2, 5), (2, 5), (2, 6), (2, 6), (3, 6), (3, 6), (3, 7), (3, 8), (3, 8), (4, 8), (4, 8), (4, 9), (4, 10), (4, 10), (3, 10), (2, 10), (2, 10), (2, 10), (3, 10), (3, 10), (3, 11), (3, 12), (3, 13), (3, 14), (3, 15), (3, 15), (2, 15), (2, 15), (2, 16), (2, 17), (2, 18), (2, 18), (1, 18), (1, 18), (1, 18), (2, 18), (2, 18), (2, 17), (2, 17), (3, 17)]
Time:
[0, 35029, 3650, 8592, 5313, 3324, 48224, 4641, 9569, 4962, 34373, 3653, 8378, 35078, 39145, 10369, 32260, 3629, 9747, 5323, 3372, 52599, 9225, 5480, 3378, 58750, 3654, 8935, 53483, 3664, 8530, 10800, 3532, 9931, 3523, 9642, 3503, 8454, 3516, 8714, 8974, 3640, 3555, 8466, 8733, 3627, 8765, 3539, 9601, 3513, 9073, 3576, 9358, 46712, 3656, 51404, 5208, 8698, 11334, 3818, 35780, 9797, 5110, 3314, 59810, 4439, 8327, 36022, 34726, 36590, 11178, 5307, 34263, 3629, 8457, 40371, 8861, 5257, 8576, 3620, 3241, 8727, 3596, 53943, 3598, 9363]
Load:
[1472, 1472, 1472, 1536, 1536, 1600, 1600, 1600, 1664, 1760, 1760, 1648, 1800, 1896, 1968, 2208, 2208, 2208, 2272, 2272, 2248, 2336, 2400, 2400, 2464, 2464, 2352, 2656, 2656, 2544, 2688, 2688, 2688, 2688, 2688, 2688, 2688, 2688, 2576, 2720, 2720, 2720, 2576, 2688, 2688, 2688, 2688, 2688, 2688, 2688, 2688, 2576, 2784, 2784, 2848, 2912, 2800, 2944, 2944, 2952, 3040, 3104, 3104, 3232, 3232, 3120, 3272, 3368, 3496, 3616, 3680, 3808, 3808, 3696, 3848, 3936, 4000, 4000, 4000, 4000, 3968, 3968, 4064, 4064, 4064]
Length:
[0, 1, 1, 2, 2, 2, 3, 3, 4, 4, 5, 5, 6, 7, 8, 9, 10, 10, 11, 11, 11, 12, 13, 13, 13, 14, 14, 15, 16, 16, 17, 18, 18, 19, 19, 20, 20, 21, 21, 22, 23, 23, 23, 24, 25, 25, 26, 26, 27, 27, 28, 28, 29, 30, 30, 31, 31, 32, 33, 33, 34, 35, 35, 35, 36, 36, 37, 38, 39, 40, 41, 41, 42, 42, 43, 44, 45, 45, 46, 46, 46, 47, 47, 48, 48, 49]
Action:
[0.0, 1.0, 1.6, 2.6, 3.2, 3.8000000000000003, 4.800000000000001, 5.4, 6.4, 7.0, 8.0, 8.6, 9.6, 10.6, 11.6, 12.6, 13.6, 14.2, 15.2, 15.799999999999999, 16.4, 17.4, 18.4, 19.0, 19.6, 20.6, 21.200000000000003, 22.200000000000003, 23.200000000000003, 23.800000000000004, 24.800000000000004, 25.800000000000004, 26.400000000000006, 27.400000000000006, 28.000000000000007, 29.000000000000007, 29.60000000000001, 30.60000000000001, 31.20000000000001, 32.20000000000001, 33.20000000000001, 33.80000000000001, 34.40000000000001, 35.40000000000001, 36.40000000000001, 37.000000000000014, 38.000000000000014, 38.600000000000016, 39.600000000000016, 40.20000000000002, 41.20000000000002, 41.80000000000002, 42.80000000000002, 43.80000000000002, 44.40000000000002, 45.40000000000002, 46.00000000000002, 47.00000000000002, 48.00000000000002, 48.60000000000002, 49.60000000000002, 50.60000000000002, 51.200000000000024, 51.800000000000026, 52.800000000000026, 53.40000000000003, 54.40000000000003, 55.40000000000003, 56.40000000000003, 57.40000000000003, 58.40000000000003, 59.00000000000003, 60.00000000000003, 60.60000000000003, 61.60000000000003, 62.60000000000003, 63.60000000000003, 64.20000000000003, 65.20000000000003, 65.80000000000003, 66.40000000000002, 67.40000000000002, 68.00000000000001, 69.00000000000001, 69.60000000000001, 70.60000000000001]
