2022-06-20 11:29:32.673939: 
GridEnvironment Log:
EnvString:
####################
#gggggggg#g#gg#g####
########ggg##g#gg###
#gggggggg#gg#g#g#g##
###g##g#gg#gggggggg#
#ggg###gg###g#g#g#g#
#g#g##g#gg#ggg##gg##
#g##ggggg##g##gg#gg#
#ggg#g##g##g##g##g##
###gg#gggg#g#gggg#g#
#g###gg###gggg##ggg#
#ggggg#ggg####ggg###
#g####gg#gggggg#ggg#
#g#gg##g####g##gg#g#
#gg#g##gggg##ggg#gg#
#g##gggg###ggg#gg###
##gg#g#g#g#g##g#ggg#
###ggg#g#ggg##ggg#g#
####g#ggg##ggg##gg##
####################
Goal:
(16, 2)
StartPosition:
(12, 11)
Facing:
(-1, 0)
Name:
lab6
AgentType:
tremaux

2022-06-20 11:29:32.676498: Condition starting
2022-06-20 11:29:32.691656: TURN LEFT
2022-06-20 11:29:32.707056: WEST
2022-06-20 11:29:32.722514: WEST
2022-06-20 11:29:32.737802: TURN RIGHT
2022-06-20 11:29:32.753140: NORTH
2022-06-20 11:29:32.768264: TURN LEFT
2022-06-20 11:29:32.783672: WEST
2022-06-20 11:29:32.799159: WEST
2022-06-20 11:29:32.814467: TURN LEFT
2022-06-20 11:29:32.829901: SOUTH
2022-06-20 11:29:32.845108: TURN RIGHT
2022-06-20 11:29:32.860454: WEST
2022-06-20 11:29:32.875792: TURN LEFT
2022-06-20 11:29:32.891083: TURN LEFT
2022-06-20 11:29:32.906536: EAST
2022-06-20 11:29:32.921771: TURN RIGHT
2022-06-20 11:29:32.937383: SOUTH
2022-06-20 11:29:32.959755: SOUTH
2022-06-20 11:29:32.976970: TURN LEFT
2022-06-20 11:29:32.992253: EAST
2022-06-20 11:29:33.007607: EAST
2022-06-20 11:29:33.022909: EAST
2022-06-20 11:29:33.038216: TURN LEFT
2022-06-20 11:29:33.053608: TURN LEFT
2022-06-20 11:29:33.069135: WEST
2022-06-20 11:29:33.085954: WEST
2022-06-20 11:29:33.101606: WEST
2022-06-20 11:29:33.116844: TURN LEFT
2022-06-20 11:29:33.132195: SOUTH
2022-06-20 11:29:33.147591: TURN RIGHT
2022-06-20 11:29:33.163205: WEST
2022-06-20 11:29:33.178916: WEST
2022-06-20 11:29:33.194611: WEST
2022-06-20 11:29:33.209863: TURN RIGHT
2022-06-20 11:29:33.225433: NORTH
2022-06-20 11:29:33.240781: NORTH
2022-06-20 11:29:33.256205: TURN LEFT
2022-06-20 11:29:33.271680: WEST
2022-06-20 11:29:33.287021: TURN LEFT
2022-06-20 11:29:33.302402: TURN LEFT
2022-06-20 11:29:33.317938: EAST
2022-06-20 11:29:33.333320: TURN RIGHT
2022-06-20 11:29:33.348813: SOUTH
2022-06-20 11:29:33.364363: SOUTH
2022-06-20 11:29:33.379711: TURN LEFT
2022-06-20 11:29:33.395281: EAST
2022-06-20 11:29:33.410649: TURN RIGHT
2022-06-20 11:29:33.426241: SOUTH
2022-06-20 11:29:33.441733: SOUTH
2022-06-20 11:29:33.457067: TURN RIGHT
2022-06-20 11:29:33.472723: WEST
2022-06-20 11:29:33.488129: WEST
2022-06-20 11:29:33.503452: TURN RIGHT
2022-06-20 11:29:33.519022: NORTH
2022-06-20 11:29:33.534479: TURN LEFT
2022-06-20 11:29:33.550139: WEST
2022-06-20 11:29:33.551419: Condition finished

Position:
[(12, 11), (12, 11), (12, 10), (12, 9), (12, 9), (11, 9), (11, 9), (11, 8), (11, 7), (11, 7), (12, 7), (12, 7), (12, 6), (12, 6), (12, 6), (12, 7), (12, 7), (13, 7), (14, 7), (14, 7), (14, 8), (14, 9), (14, 10), (14, 10), (14, 10), (14, 9), (14, 8), (14, 7), (14, 7), (15, 7), (15, 7), (15, 6), (15, 5), (15, 4), (15, 4), (14, 4), (13, 4), (13, 4), (13, 3), (13, 3), (13, 3), (13, 4), (13, 4), (14, 4), (15, 4), (15, 4), (15, 5), (15, 5), (16, 5), (17, 5), (17, 5), (17, 4), (17, 3), (17, 3), (16, 3), (16, 3), (16, 2)]
Time:
[0, 3605, 11325, 8943, 3447, 8754, 3257, 8495, 8861, 3387, 29938, 3395, 8667, 5500, 3069, 45374, 3397, 8932, 31655, 3179, 8296, 10084, 8301, 3452, 3101, 8464, 9145, 72819, 3515, 39220, 5252, 9765, 36246, 9311, 5196, 8401, 8710, 3856, 9094, 3327, 3109, 8559, 3296, 9579, 8616, 3225, 54682, 3433, 8179, 10386, 3344, 30452, 9172, 5105, 8625, 3316, 8565]
Load:
[664, 1064, 1176, 1176, 1176, 1176, 1064, 1176, 1176, 1304, 1304, 1304, 1368, 1368, 1432, 1432, 1320, 1592, 1592, 1480, 1512, 1656, 1656, 1656, 1512, 1512, 1720, 1720, 1784, 1912, 1800, 1952, 2040, 2104, 1960, 2072, 2072, 2104, 2104, 2104, 2072, 2072, 1960, 2072, 2072, 2168, 2168, 2056, 2200, 2200, 2208, 2296, 2360, 2328, 2328, 2360]
Length:
[0, 0, 1, 2, 2, 3, 3, 4, 5, 5, 6, 6, 7, 7, 7, 8, 8, 9, 10, 10, 11, 12, 13, 13, 13, 14, 15, 16, 16, 17, 17, 18, 19, 20, 20, 21, 22, 22, 23, 23, 23, 24, 24, 25, 26, 26, 27, 27, 28, 29, 29, 30, 31, 31, 32, 32, 33]
Action:
[0.0, 0.6, 1.6, 2.6, 3.2, 4.2, 4.8, 5.8, 6.8, 7.3999999999999995, 8.399999999999999, 8.999999999999998, 9.999999999999998, 10.599999999999998, 11.199999999999998, 12.199999999999998, 12.799999999999997, 13.799999999999997, 14.799999999999997, 15.399999999999997, 16.4, 17.4, 18.4, 19.0, 19.6, 20.6, 21.6, 22.6, 23.200000000000003, 24.200000000000003, 24.800000000000004, 25.800000000000004, 26.800000000000004, 27.800000000000004, 28.400000000000006, 29.400000000000006, 30.400000000000006, 31.000000000000007, 32.00000000000001, 32.60000000000001, 33.20000000000001, 34.20000000000001, 34.80000000000001, 35.80000000000001, 36.80000000000001, 37.40000000000001, 38.40000000000001, 39.000000000000014, 40.000000000000014, 41.000000000000014, 41.600000000000016, 42.600000000000016, 43.600000000000016, 44.20000000000002, 45.20000000000002, 45.80000000000002, 46.80000000000002]
