2022-06-20 11:39:23.452232: 
GridEnvironment Log:
EnvString:
####################
#gggggggg#g#gg#g####
########ggg##g#gg###
#gggggggg#gg#g#g#g##
###g##g#gg#gggggggg#
#ggg###gg###g#g#g#g#
#g#g##g#gg#ggg##gg##
#g##ggggg##g##gg#gg#
#ggg#g##g##g##g##g##
###gg#gggg#g#gggg#g#
#g###gg###gggg##ggg#
#ggggg#ggg####ggg###
#g####gg#gggggg#ggg#
#g#gg##g####g##gg#g#
#gg#g##gggg##ggg#gg#
#g##gggg###ggg#gg###
##gg#g#g#g#g##g#ggg#
###ggg#g#ggg##ggg#g#
####g#ggg##ggg##gg##
####################
Goal:
(16, 2)
StartPosition:
(12, 11)
Facing:
(-1, 0)
Name:
lab6
AgentType:
greedy

2022-06-20 11:39:23.454786: Condition starting
2022-06-20 11:39:23.470362: TURN RIGHT
2022-06-20 11:39:23.485480: TURN RIGHT
2022-06-20 11:39:23.500813: TURN RIGHT
2022-06-20 11:39:23.516046: TURN RIGHT
2022-06-20 11:39:23.531311: WEST
2022-06-20 11:39:23.546786: TURN RIGHT
2022-06-20 11:39:23.562139: TURN RIGHT
2022-06-20 11:39:23.577389: TURN RIGHT
2022-06-20 11:39:23.592803: TURN RIGHT
2022-06-20 11:39:23.607724: WEST
2022-06-20 11:39:23.623072: TURN RIGHT
2022-06-20 11:39:23.638730: TURN RIGHT
2022-06-20 11:39:23.654024: TURN RIGHT
2022-06-20 11:39:23.669539: TURN RIGHT
2022-06-20 11:39:23.684765: NORTH
2022-06-20 11:39:23.700035: TURN RIGHT
2022-06-20 11:39:23.715394: TURN RIGHT
2022-06-20 11:39:23.730793: TURN RIGHT
2022-06-20 11:39:23.746238: TURN RIGHT
2022-06-20 11:39:23.761476: WEST
2022-06-20 11:39:23.776724: TURN RIGHT
2022-06-20 11:39:23.792077: TURN RIGHT
2022-06-20 11:39:23.807233: TURN RIGHT
2022-06-20 11:39:23.822560: TURN RIGHT
2022-06-20 11:39:23.837732: WEST
2022-06-20 11:39:23.853014: TURN RIGHT
2022-06-20 11:39:23.868155: TURN RIGHT
2022-06-20 11:39:23.883450: TURN RIGHT
2022-06-20 11:39:23.898815: TURN RIGHT
2022-06-20 11:39:23.914121: SOUTH
2022-06-20 11:39:23.929527: TURN RIGHT
2022-06-20 11:39:23.945042: TURN RIGHT
2022-06-20 11:39:23.960391: TURN RIGHT
2022-06-20 11:39:23.975898: TURN RIGHT
2022-06-20 11:39:23.991246: SOUTH
2022-06-20 11:39:24.006579: TURN RIGHT
2022-06-20 11:39:24.022055: TURN RIGHT
2022-06-20 11:39:24.037479: TURN RIGHT
2022-06-20 11:39:24.052900: TURN RIGHT
2022-06-20 11:39:24.068009: SOUTH
2022-06-20 11:39:24.083409: TURN RIGHT
2022-06-20 11:39:24.098851: TURN RIGHT
2022-06-20 11:39:24.114243: TURN RIGHT
2022-06-20 11:39:24.129762: TURN RIGHT
2022-06-20 11:39:24.145269: SOUTH
2022-06-20 11:39:24.160596: TURN RIGHT
2022-06-20 11:39:24.175939: TURN RIGHT
2022-06-20 11:39:24.191352: TURN RIGHT
2022-06-20 11:39:24.206757: TURN RIGHT
2022-06-20 11:39:24.222064: SOUTH
2022-06-20 11:39:24.237606: TURN RIGHT
2022-06-20 11:39:24.253118: TURN RIGHT
2022-06-20 11:39:24.268504: TURN RIGHT
2022-06-20 11:39:24.283952: TURN RIGHT
2022-06-20 11:39:24.299377: SOUTH
2022-06-20 11:39:24.314931: TURN RIGHT
2022-06-20 11:39:24.330552: TURN RIGHT
2022-06-20 11:39:24.346239: TURN RIGHT
2022-06-20 11:39:24.361958: TURN RIGHT
2022-06-20 11:39:24.377283: SOUTH
2022-06-20 11:39:24.392939: TURN RIGHT
2022-06-20 11:39:24.408208: TURN RIGHT
2022-06-20 11:39:24.423621: TURN RIGHT
2022-06-20 11:39:24.439164: TURN RIGHT
2022-06-20 11:39:24.454613: WEST
2022-06-20 11:39:24.470176: TURN RIGHT
2022-06-20 11:39:24.485756: TURN RIGHT
2022-06-20 11:39:24.501166: TURN RIGHT
2022-06-20 11:39:24.516504: TURN RIGHT
2022-06-20 11:39:24.531991: EAST
2022-06-20 11:39:24.547822: TURN RIGHT
2022-06-20 11:39:24.563456: TURN RIGHT
2022-06-20 11:39:24.579144: TURN RIGHT
2022-06-20 11:39:24.594707: TURN RIGHT
2022-06-20 11:39:24.610220: EAST
2022-06-20 11:39:24.625831: TURN RIGHT
2022-06-20 11:39:24.641464: TURN RIGHT
2022-06-20 11:39:24.657108: TURN RIGHT
2022-06-20 11:39:24.672565: TURN RIGHT
2022-06-20 11:39:24.687904: WEST
2022-06-20 11:39:24.703712: TURN RIGHT
2022-06-20 11:39:24.719316: TURN RIGHT
2022-06-20 11:39:24.735070: TURN RIGHT
2022-06-20 11:39:24.750884: TURN RIGHT
2022-06-20 11:39:24.766328: NORTH
2022-06-20 11:39:24.781887: TURN RIGHT
2022-06-20 11:39:24.797282: TURN RIGHT
2022-06-20 11:39:24.812803: TURN RIGHT
2022-06-20 11:39:24.828391: TURN RIGHT
2022-06-20 11:39:24.843883: NORTH
2022-06-20 11:39:24.859758: TURN RIGHT
2022-06-20 11:39:24.875394: TURN RIGHT
2022-06-20 11:39:24.890995: TURN RIGHT
2022-06-20 11:39:24.906592: TURN RIGHT
2022-06-20 11:39:24.922085: NORTH
2022-06-20 11:39:24.937948: TURN RIGHT
2022-06-20 11:39:24.953815: TURN RIGHT
2022-06-20 11:39:24.969596: TURN RIGHT
2022-06-20 11:39:24.985109: TURN RIGHT
2022-06-20 11:39:25.000301: WEST
2022-06-20 11:39:25.016090: TURN RIGHT
2022-06-20 11:39:25.031732: TURN RIGHT
2022-06-20 11:39:25.047527: TURN RIGHT
2022-06-20 11:39:25.063358: TURN RIGHT
2022-06-20 11:39:25.078880: WEST
2022-06-20 11:39:25.094865: TURN RIGHT
2022-06-20 11:39:25.110666: TURN RIGHT
2022-06-20 11:39:25.126391: TURN RIGHT
2022-06-20 11:39:25.142347: TURN RIGHT
2022-06-20 11:39:25.157893: SOUTH
2022-06-20 11:39:25.173819: TURN RIGHT
2022-06-20 11:39:25.189500: TURN RIGHT
2022-06-20 11:39:25.205382: TURN RIGHT
2022-06-20 11:39:25.221233: TURN RIGHT
2022-06-20 11:39:25.236901: SOUTH
2022-06-20 11:39:25.252589: TURN RIGHT
2022-06-20 11:39:25.268381: TURN RIGHT
2022-06-20 11:39:25.284216: TURN RIGHT
2022-06-20 11:39:25.300103: TURN RIGHT
2022-06-20 11:39:25.315781: WEST
2022-06-20 11:39:25.331738: TURN RIGHT
2022-06-20 11:39:25.347694: TURN RIGHT
2022-06-20 11:39:25.363523: TURN RIGHT
2022-06-20 11:39:25.379323: TURN RIGHT
2022-06-20 11:39:25.394975: WEST
2022-06-20 11:39:25.410820: TURN RIGHT
2022-06-20 11:39:25.426810: TURN RIGHT
2022-06-20 11:39:25.442607: TURN RIGHT
2022-06-20 11:39:25.458337: TURN RIGHT
2022-06-20 11:39:25.474010: NORTH
2022-06-20 11:39:25.489954: TURN RIGHT
2022-06-20 11:39:25.505867: TURN RIGHT
2022-06-20 11:39:25.521789: TURN RIGHT
2022-06-20 11:39:25.537688: TURN RIGHT
2022-06-20 11:39:25.553649: WEST
2022-06-20 11:39:25.554928: Condition finished

Position:
[(12, 11), (12, 11), (12, 11), (12, 11), (12, 11), (12, 10), (12, 10), (12, 10), (12, 10), (12, 10), (12, 9), (12, 9), (12, 9), (12, 9), (12, 9), (11, 9), (11, 9), (11, 9), (11, 9), (11, 9), (11, 8), (11, 8), (11, 8), (11, 8), (11, 8), (11, 7), (11, 7), (11, 7), (11, 7), (11, 7), (12, 7), (12, 7), (12, 7), (12, 7), (12, 7), (13, 7), (13, 7), (13, 7), (13, 7), (13, 7), (14, 7), (14, 7), (14, 7), (14, 7), (14, 7), (15, 7), (15, 7), (15, 7), (15, 7), (15, 7), (16, 7), (16, 7), (16, 7), (16, 7), (16, 7), (17, 7), (17, 7), (17, 7), (17, 7), (17, 7), (18, 7), (18, 7), (18, 7), (18, 7), (18, 7), (18, 6), (18, 6), (18, 6), (18, 6), (18, 6), (18, 7), (18, 7), (18, 7), (18, 7), (18, 7), (18, 8), (18, 8), (18, 8), (18, 8), (18, 8), (18, 7), (18, 7), (18, 7), (18, 7), (18, 7), (17, 7), (17, 7), (17, 7), (17, 7), (17, 7), (16, 7), (16, 7), (16, 7), (16, 7), (16, 7), (15, 7), (15, 7), (15, 7), (15, 7), (15, 7), (15, 6), (15, 6), (15, 6), (15, 6), (15, 6), (15, 5), (15, 5), (15, 5), (15, 5), (15, 5), (16, 5), (16, 5), (16, 5), (16, 5), (16, 5), (17, 5), (17, 5), (17, 5), (17, 5), (17, 5), (17, 4), (17, 4), (17, 4), (17, 4), (17, 4), (17, 3), (17, 3), (17, 3), (17, 3), (17, 3), (16, 3), (16, 3), (16, 3), (16, 3), (16, 3), (16, 2)]
Time:
[0, 8331, 7629, 7146, 6517, 2224, 8857, 8841, 7297, 7193, 2227, 10565, 7456, 7131, 7209, 2220, 8980, 7218, 7888, 7162, 2231, 9271, 9073, 8091, 9144, 2246, 9143, 7188, 6490, 7041, 2178, 11205, 6884, 7838, 7632, 2339, 8470, 7052, 6349, 7206, 2375, 10315, 8625, 7997, 7442, 2257, 8934, 7042, 7153, 9271, 2296, 11144, 6991, 7070, 7235, 2206, 9164, 6785, 6883, 6867, 2231, 10666, 8512, 3912, 7929, 2286, 9151, 6867, 4045, 6092, 1968, 10811, 9722, 4395, 7823, 2343, 9066, 6601, 3983, 7474, 1992, 15652, 8503, 3972, 8021, 2265, 9329, 6826, 7050, 7137, 2167, 15774, 8045, 8288, 7839, 2216, 9150, 7318, 6935, 7625, 2318, 9500, 8367, 6713, 7476, 2154, 13763, 9058, 8539, 8374, 2337, 10192, 6889, 6803, 7287, 2194, 10997, 6917, 7055, 9440, 2218, 9161, 7694, 6120, 7135, 2228, 10279, 8303, 4649, 5445, 2189, 9632, 6853, 6086, 8766, 2194]
Load:
[608, 776, 776, 912, 912, 608, 776, 776, 912, 912, 776, 912, 912, 912, 912, 608, 608, 776, 912, 912, 608, 776, 776, 912, 912, 736, 904, 1040, 1040, 1040, 904, 904, 1040, 1176, 1176, 904, 904, 1040, 1040, 1040, 904, 1040, 1176, 1176, 1176, 904, 904, 1040, 1176, 1176, 1184, 1184, 1320, 1320, 1320, 1184, 1184, 1320, 1320, 1320, 1184, 1320, 1320, 1456, 1456, 1016, 1184, 1184, 1184, 1184, 1184, 1320, 1320, 1456, 1456, 1016, 1016, 1016, 1184, 1184, 1184, 1320, 1320, 1456, 1456, 1184, 1184, 1320, 1320, 1320, 1184, 1184, 1320, 1320, 1320, 1184, 1184, 1320, 1456, 1456, 1016, 1184, 1184, 1320, 1320, 1016, 1184, 1320, 1456, 1456, 1184, 1184, 1320, 1320, 1320, 1184, 1184, 1184, 1320, 1320, 1016, 1184, 1320, 1456, 1456, 1184, 1320, 1320, 1320, 1320, 1552, 1552, 1720, 1856, 1856]
Length:
[0, 0, 0, 0, 0, 1, 1, 1, 1, 1, 2, 2, 2, 2, 2, 3, 3, 3, 3, 3, 4, 4, 4, 4, 4, 5, 5, 5, 5, 5, 6, 6, 6, 6, 6, 7, 7, 7, 7, 7, 8, 8, 8, 8, 8, 9, 9, 9, 9, 9, 10, 10, 10, 10, 10, 11, 11, 11, 11, 11, 12, 12, 12, 12, 12, 13, 13, 13, 13, 13, 14, 14, 14, 14, 14, 15, 15, 15, 15, 15, 16, 16, 16, 16, 16, 17, 17, 17, 17, 17, 18, 18, 18, 18, 18, 19, 19, 19, 19, 19, 20, 20, 20, 20, 20, 21, 21, 21, 21, 21, 22, 22, 22, 22, 22, 23, 23, 23, 23, 23, 24, 24, 24, 24, 24, 25, 25, 25, 25, 25, 26, 26, 26, 26, 26, 27]
Action:
[0.0, 0.6, 1.2, 1.7999999999999998, 2.4, 3.4, 4.0, 4.6, 5.199999999999999, 5.799999999999999, 6.799999999999999, 7.399999999999999, 7.999999999999998, 8.599999999999998, 9.199999999999998, 10.199999999999998, 10.799999999999997, 11.399999999999997, 11.999999999999996, 12.599999999999996, 13.599999999999996, 14.199999999999996, 14.799999999999995, 15.399999999999995, 15.999999999999995, 16.999999999999993, 17.599999999999994, 18.199999999999996, 18.799999999999997, 19.4, 20.4, 21.0, 21.6, 22.200000000000003, 22.800000000000004, 23.800000000000004, 24.400000000000006, 25.000000000000007, 25.60000000000001, 26.20000000000001, 27.20000000000001, 27.80000000000001, 28.400000000000013, 29.000000000000014, 29.600000000000016, 30.600000000000016, 31.200000000000017, 31.80000000000002, 32.40000000000002, 33.00000000000002, 34.00000000000002, 34.60000000000002, 35.200000000000024, 35.800000000000026, 36.40000000000003, 37.40000000000003, 38.00000000000003, 38.60000000000003, 39.20000000000003, 39.80000000000003, 40.80000000000003, 41.400000000000034, 42.000000000000036, 42.60000000000004, 43.20000000000004, 44.20000000000004, 44.80000000000004, 45.40000000000004, 46.00000000000004, 46.600000000000044, 47.600000000000044, 48.200000000000045, 48.80000000000005, 49.40000000000005, 50.00000000000005, 51.00000000000005, 51.60000000000005, 52.20000000000005, 52.800000000000054, 53.400000000000055, 54.400000000000055, 55.00000000000006, 55.60000000000006, 56.20000000000006, 56.80000000000006, 57.80000000000006, 58.40000000000006, 59.000000000000064, 59.600000000000065, 60.20000000000007, 61.20000000000007, 61.80000000000007, 62.40000000000007, 63.00000000000007, 63.60000000000007, 64.60000000000008, 65.20000000000007, 65.80000000000007, 66.40000000000006, 67.00000000000006, 68.00000000000006, 68.60000000000005, 69.20000000000005, 69.80000000000004, 70.40000000000003, 71.40000000000003, 72.00000000000003, 72.60000000000002, 73.20000000000002, 73.80000000000001, 74.80000000000001, 75.4, 76.0, 76.6, 77.19999999999999, 78.19999999999999, 78.79999999999998, 79.39999999999998, 79.99999999999997, 80.59999999999997, 81.59999999999997, 82.19999999999996, 82.79999999999995, 83.39999999999995, 83.99999999999994, 84.99999999999994, 85.59999999999994, 86.19999999999993, 86.79999999999993, 87.39999999999992, 88.39999999999992, 88.99999999999991, 89.59999999999991, 90.1999999999999, 90.7999999999999, 91.7999999999999]
