2022-06-20 11:55:07.180473: 
GridEnvironment Log:
EnvString:
####################
#g#ggg#ggg#ggg#g##g#
#gg##gg#g#g##g#gggg#
##ggg#ggg#gggggg#g##
#g##gg##ggg#g#g#g###
#g#g#g##g##gg###gg##
#ggggggggg##g#ggg#g#
####g#g##gg##g#g#gg#
#gggg####g#g#ggggg##
####g#ggggggg###g#g#
#ggg#gg#g#g#ggggggg#
###ggg#gg##gg####g##
#ggg#g##g#gg##gg#g##
#g#g##ggg##gggg##gg#
#g##ggg#g##g###ggg##
##ggg#g#ggg#ggg##gg#
##g#g###g#ggg##ggg##
#g#g#gggg##g#ggg#g##
#ggggg##ggg###g#ggg#
####################
Goal:
(3, 17)
StartPosition:
(8, 9)
Facing:
(-1, 0)
Name:
lab8
AgentType:
directedTremaux

2022-06-20 11:55:07.182858: Condition starting
2022-06-20 11:55:07.198165: NORTH
2022-06-20 11:55:07.213318: TURN RIGHT
2022-06-20 11:55:07.228663: EAST
2022-06-20 11:55:07.243876: TURN LEFT
2022-06-20 11:55:07.259178: TURN LEFT
2022-06-20 11:55:07.274743: WEST
2022-06-20 11:55:07.290205: TURN RIGHT
2022-06-20 11:55:07.305710: NORTH
2022-06-20 11:55:07.320939: TURN LEFT
2022-06-20 11:55:07.336234: WEST
2022-06-20 11:55:07.351435: TURN RIGHT
2022-06-20 11:55:07.366951: NORTH
2022-06-20 11:55:07.382440: NORTH
2022-06-20 11:55:07.397692: TURN RIGHT
2022-06-20 11:55:07.413031: EAST
2022-06-20 11:55:07.428332: EAST
2022-06-20 11:55:07.443503: TURN LEFT
2022-06-20 11:55:07.458843: NORTH
2022-06-20 11:55:07.474254: NORTH
2022-06-20 11:55:07.489626: TURN LEFT
2022-06-20 11:55:07.504937: TURN LEFT
2022-06-20 11:55:07.520218: SOUTH
2022-06-20 11:55:07.535668: TURN LEFT
2022-06-20 11:55:07.551211: EAST
2022-06-20 11:55:07.566780: EAST
2022-06-20 11:55:07.582405: EAST
2022-06-20 11:55:07.597804: EAST
2022-06-20 11:55:07.613436: EAST
2022-06-20 11:55:07.628790: TURN LEFT
2022-06-20 11:55:07.644318: NORTH
2022-06-20 11:55:07.659529: TURN RIGHT
2022-06-20 11:55:07.675104: EAST
2022-06-20 11:55:07.690816: EAST
2022-06-20 11:55:07.706279: TURN RIGHT
2022-06-20 11:55:07.721876: SOUTH
2022-06-20 11:55:07.723163: Condition finished

Position:
[(8, 9), (7, 9), (7, 9), (7, 10), (7, 10), (7, 10), (7, 9), (7, 9), (6, 9), (6, 9), (6, 8), (6, 8), (5, 8), (4, 8), (4, 8), (4, 9), (4, 10), (4, 10), (3, 10), (2, 10), (2, 10), (2, 10), (3, 10), (3, 10), (3, 11), (3, 12), (3, 13), (3, 14), (3, 15), (3, 15), (2, 15), (2, 15), (2, 16), (2, 17), (2, 17), (3, 17)]
Time:
[0, 35271, 3641, 10071, 5615, 3344, 48215, 3610, 8987, 5378, 34515, 3665, 8471, 35053, 3703, 8643, 10677, 3594, 33319, 8967, 5140, 3289, 50854, 3608, 8713, 39850, 34065, 35873, 11503, 5247, 34338, 3590, 8567, 35482, 3706, 8841]
Load:
[1472, 1472, 1472, 1536, 1536, 1600, 1600, 1600, 1664, 1760, 1760, 1648, 1888, 1888, 1776, 1920, 1920, 1992, 2080, 2144, 2144, 2208, 2208, 2096, 2248, 2344, 2472, 2656, 2720, 2784, 2784, 2672, 2912, 2912, 2912]
Length:
[0, 1, 1, 2, 2, 2, 3, 3, 4, 4, 5, 5, 6, 7, 7, 8, 9, 9, 10, 11, 11, 11, 12, 12, 13, 14, 15, 16, 17, 17, 18, 18, 19, 20, 20, 21]
Action:
[0.0, 1.0, 1.6, 2.6, 3.2, 3.8000000000000003, 4.800000000000001, 5.4, 6.4, 7.0, 8.0, 8.6, 9.6, 10.6, 11.2, 12.2, 13.2, 13.799999999999999, 14.799999999999999, 15.799999999999999, 16.4, 17.0, 18.0, 18.6, 19.6, 20.6, 21.6, 22.6, 23.6, 24.200000000000003, 25.200000000000003, 25.800000000000004, 26.800000000000004, 27.800000000000004, 28.400000000000006, 29.400000000000006]
